5.909491181373596191e-01
1.210153922438621521e-01
1.795503834768449281e+01
1.404959283488319777e+01
5.909484028816223145e-01
6.210532784461975098e-01
1.795503864297685936e+01
1.219966583876501254e+01
5.909482836723327637e-01
1.210530921816825867e-01
1.795503864411190520e+01
1.282184264237029403e+01
5.909472703933715820e-01
6.210604906082153320e-01
1.795503857832644812e+01
1.253377302286428474e+01
9.095004945993423462e-02
3.790054917335510254e-01
1.795503773063344610e+01
1.159123905201983362e+01
9.094773232936859131e-02
3.789204657077789307e-01
1.795503822448048226e+01
1.455885606682292988e+01
9.090503454208374023e-01
6.210448145866394043e-01
1.795503866859973030e+01
1.509827263335322378e+01
9.090499877929687500e-01
1.120991945266723633e+00
1.795503763273273989e+01
1.040594140237334919e+01
4.090498089790344238e-01
3.790090978145599365e-01
1.795503759139173283e+01
1.354940559527651445e+01
9.090523719787597656e-01
6.210733652114868164e-01
1.795503836858110702e+01
1.280526719089546894e+01
9.095306694507598877e-02
3.789553940296173096e-01
1.795503865949681455e+01
1.524323362581870178e+01
4.090706408023834229e-01
8.789544105529785156e-01
1.795503849157240239e+01
9.471894299149575147e+00
4.090499579906463623e-01
-1.210000216960906982e-01
1.795503792479603078e+01
1.142690812520010191e+01
9.094806760549545288e-02
8.789401054382324219e-01
1.795503858557492904e+01
1.186145728115006470e+01
5.910341739654541016e-01
6.210448145866394043e-01
1.795503515160043762e+01
1.268505642323383142e+01
9.094707667827606201e-02
3.788969218730926514e-01
1.795503741534081144e+01
9.739229280744590156e+00
1.090929985046386719e+00
3.789544105529785156e-01
1.795503850294032944e+01
9.252019631419093670e+00
4.090515673160552979e-01
3.789499700069427490e-01
1.795503865928811038e+01
1.121840116395335230e+01
4.090515673160552979e-01
3.789470195770263672e-01
1.795503864479930201e+01
1.412517742435385237e+01
4.090524315834045410e-01
3.789666295051574707e-01
1.795503861952118285e+01
1.747936393573271374e+01
9.078766107559204102e-01
6.152275800704956055e-01
1.764054603458293968e+01
1.476722488473232886e+01
9.212340414524078369e-02
8.847801685333251953e-01
1.764054601286855473e+01
1.689365956380319744e+01
5.921232700347900391e-01
1.152526959776878357e-01
1.764054579744724904e+01
1.165631377055399476e+01
9.078765511512756348e-01
1.115193247795104980e+00
1.764054559834403690e+01
1.262319753162026359e+01
4.078909754753112793e-01
3.847698569297790527e-01
1.764054595348671128e+01
1.690110435094559449e+01
5.921225547790527344e-01
1.152274683117866516e-01
1.764054603433969248e+01
1.475560965858234042e+01
5.921232700347900391e-01
6.152275800704956055e-01
1.764054603458008685e+01
1.311149672305948322e+01
9.212340414524078369e-02
3.847890198230743408e-01
1.764054593332379284e+01
1.445074095802758229e+01
5.921565890312194824e-01
6.152295470237731934e-01
1.764054561132648402e+01
1.569168876338707364e+01
4.078809320926666260e-01
8.847724795341491699e-01
1.764054602754834633e+01
1.614589770837021021e+01
9.078765511512756348e-01
1.115212798118591309e+00
1.764054595442378925e+01
1.292155508458053070e+01
4.078643321990966797e-01
3.847696781158447266e-01
1.764054597366177290e+01
1.488033316262097827e+01
9.087781906127929688e-01
6.152287125587463379e-01
1.764023396671374044e+01
1.573739567798980232e+01
9.212350100278854370e-02
3.848199248313903809e-01
1.764054519783218922e+01
8.757226985969710498e+00
4.078764021396636963e-01
3.848334550857543945e-01
1.764054465183873432e+01
1.275874434625086629e+01
9.078765511512756348e-01
1.115210533142089844e+00
1.764054592775678998e+01
1.348785639744762044e+01
5.921477675437927246e-01
6.152358055114746094e-01
1.764054578091244352e+01
1.527482159109946380e+01
4.078514873981475830e-01
3.847726583480834961e-01
1.764054579305400949e+01
1.527441314034295594e+01
9.078765511512756348e-01
6.152060627937316895e-01
1.764054586390698987e+01
8.675320096085325616e+00
9.078775644302368164e-01
1.152355000376701355e-01
1.764054601023023139e+01
1.303830814038444075e+01
5.929151773452758789e-01
6.142338514328002930e-01
1.758855523363069295e+01
1.574250788490312836e+01
4.071096479892730713e-01
3.857500255107879639e-01
1.758855490926160670e+01
1.555438970077846150e+01
4.070847630500793457e-01
3.857599496841430664e-01
1.758855521959240775e+01
1.606038358135875654e+01
5.929160714149475098e-01
6.142744421958923340e-01
1.758855462080022392e+01
1.205384659377291889e+01
9.067070484161376953e-01
1.142338588833808899e-01
1.758850333785219533e+01
1.411665016563776298e+01
5.928856134414672852e-01
1.142332777380943298e-01
1.758855491488375122e+01
1.179074692046470929e+01
9.216703474521636963e-02
8.857096433639526367e-01
1.758834886321463742e+01
1.437664320943481933e+01
9.291537106037139893e-02
8.857583403587341309e-01
1.758855521125633103e+01
1.114046601951075033e+01
9.290436655282974243e-02
8.857661485671997070e-01
1.758855519097745557e+01
1.594785803968430571e+01
4.070844948291778564e-01
8.857567906379699707e-01
1.758855520139250217e+01
8.609678384437424725e+00
4.070847630500793457e-01
8.857637047767639160e-01
1.758855523152003286e+01
9.128520584366317081e+00
5.929156541824340820e-01
1.114203214645385742e+00
1.758855488171019843e+01
1.122428576050801396e+01
5.929154157638549805e-01
6.142421364784240723e-01
1.758855520841289533e+01
1.067186681964730255e+01
5.928996801376342773e-01
6.142438054084777832e-01
1.758855510821932455e+01
1.443970853019166967e+01
4.070847630500793457e-01
8.857643604278564453e-01
1.758855523252352526e+01
1.062531769583804220e+01
9.070844054222106934e-01
6.140988469123840332e-01
1.758854842550171682e+01
1.589535579369485419e+01
4.070849418640136719e-01
8.857763409614562988e-01
1.758855519438020565e+01
1.448206866770173384e+01
5.929160714149475098e-01
6.142735481262207031e-01
1.758855464753604281e+01
1.452234354733116284e+01
4.070879817008972168e-01
8.858043551445007324e-01
1.758855468445788617e+01
1.085873218112989669e+01
4.070851206779479980e-01
8.857768177986145020e-01
1.758855519063381223e+01
1.408627920132499511e+01
4.072589576244354248e-01
8.827334642410278320e-01
1.774859248196872130e+01
1.471769092839537230e+01
9.274879842996597290e-02
3.827329277992248535e-01
1.774859243326353919e+01
1.539372980177278905e+01
9.072796106338500977e-01
1.172874346375465393e-01
1.774859221662707043e+01
1.670360642382788541e+01
4.072629511356353760e-01
-1.172664538025856018e-01
1.774859248824577662e+01
1.256277050882002122e+01
9.273636341094970703e-02
3.827890753746032715e-01
1.774859132764918712e+01
1.181808238947759371e+01
4.072401523590087891e-01
8.827329874038696289e-01
1.774859228059183636e+01
1.621499999933046965e+01
5.927370786666870117e-01
1.172690093517303467e-01
1.774859248651580756e+01
1.016083675160018629e+01
4.072913229465484619e-01
8.826665282249450684e-01
1.774859050284451456e+01
1.227594182128046540e+01
9.273705631494522095e-02
-1.172645390033721924e-01
1.774859248636267850e+01
1.140421632743698410e+01
5.927369594573974609e-01
6.172542572021484375e-01
1.774859242966494577e+01
1.059860739758835813e+01
4.072604775428771973e-01
8.827428221702575684e-01
1.774859245121929163e+01
1.595894914014082389e+01
5.927377343177795410e-01
1.172735542058944702e-01
1.774859247130632411e+01
1.630623409104669008e+01
5.927369594573974609e-01
6.172575354576110840e-01
1.774859245627054349e+01
1.306247838872904055e+01
4.072636961936950684e-01
8.827331662178039551e-01
1.774859248805396561e+01
8.904608051055220130e+00
4.072626829147338867e-01
8.827157020568847656e-01
1.774859237481805607e+01
1.229462828094684035e+01
4.072620272636413574e-01
8.826643824577331543e-01
1.774859073002556542e+01
1.378122251420149169e+01
9.273774921894073486e-02
3.826767206192016602e-01
1.774859130414726138e+01
1.163309739234180107e+01
5.927369594573974609e-01
6.172969341278076172e-01
1.774859215137568214e+01
1.563959367945214041e+01
5.927370786666870117e-01
6.172683835029602051e-01
1.774859248738821549e+01
9.067858631994338836e+00
5.927369594573974609e-01
6.172620058059692383e-01
1.774859247968252873e+01
1.447751761391323555e+01
5.930519700050354004e-01
1.119001984596252441e+00
1.784376471230513062e+01
1.122738536488569139e+01
1.093051791191101074e+00
3.809733390808105469e-01
1.784376493810763620e+01
1.180405006122658129e+01
9.305220097303390503e-02
-1.190137714147567749e-01
1.784376487655936216e+01
1.102596408591135990e+01
5.930233597755432129e-01
1.190322563052177429e-01
1.784376457345226186e+01
1.331793365159371234e+01
9.069464802742004395e-01
6.190806031227111816e-01
1.784376385996205983e+01
9.780223359262878446e+00
5.930522084236145020e-01
1.119015693664550781e+00
1.784376489357589435e+01
9.937826063656057585e+00
4.069485962390899658e-01
3.810275197029113770e-01
1.784376384949952765e+01
1.082772584221235768e+01
5.930523872375488281e-01
1.190274283289909363e-01
1.784376493805108055e+01
1.121262015074254492e+01
9.304660558700561523e-02
8.809734582901000977e-01
1.784376492426147465e+01
1.375976104279616230e+01
4.065252840518951416e-01
3.809736967086791992e-01
1.784369077427240313e+01
1.441622786818095570e+01
5.930511355400085449e-01
1.118965268135070801e+00
1.784376354037078372e+01
1.182356053735661483e+01
5.930345058441162109e-01
1.190687194466590881e-01
1.784376414158894519e+01
1.324626901039286153e+01
5.930536389350891113e-01
1.190839260816574097e-01
1.784376372296637925e+01
1.131773529582268623e+01
1.093043446540832520e+00
8.809734582901000977e-01
1.784376490484160271e+01
1.103373584019130149e+01
9.305284172296524048e-02
8.809452652931213379e-01
1.784376464633204762e+01
1.368689307829322388e+01
9.069475531578063965e-01
6.190273165702819824e-01
1.784376493810871978e+01
9.541217630385036230e+00
9.069475531578063965e-01
1.190283671021461487e-01
1.784376493719843282e+01
1.040596600033660124e+01
4.069490134716033936e-01
-1.189625412225723267e-01
1.784376341341092953e+01
1.122325517817995788e+01
4.069470763206481934e-01
3.809475302696228027e-01
1.784376469154123512e+01
1.449121322442194248e+01
9.069464206695556641e-01
6.190932989120483398e-01
1.784376329259634630e+01
8.888218735469308740e+00
8.415774255990982056e-02
8.818628191947937012e-01
2.141390248770961335e+01
1.543646071917278739e+01
9.158459901809692383e-01
6.181352138519287109e-01
2.141390248030095123e+01
1.712468306055383849e+01
8.415798842906951904e-02
3.818720877170562744e-01
2.141390246652759544e+01
1.555337138257918106e+01
8.415775001049041748e-02
8.818647265434265137e-01
2.141390248930806095e+01
1.936935889228463381e+01
4.136751592159271240e-01
8.821144700050354004e-01
2.034185334187292682e+01
1.408445492968950852e+01
5.863276124000549316e-01
1.117828607559204102e+00
2.034185226539526070e+01
1.645305753485865097e+01
4.136751890182495117e-01
8.820977807044982910e-01
2.034185324846470877e+01
1.903024961962467643e+01
4.136751890182495117e-01
3.821144998073577881e-01
2.034185334186359029e+01
1.222243085365245818e+01
5.863252878189086914e-01
1.178839132189750671e-01
2.034185334113023558e+01
1.998942882689074807e+01
5.863251090049743652e-01
6.178846955299377441e-01
2.034185334173092130e+01
2.006223397708416911e+01
4.136747419834136963e-01
8.821160793304443359e-01
2.034185334113935539e+01
1.808429996005923002e+01
5.863224267959594727e-01
6.179522275924682617e-01
2.034185185745422331e+01
1.856731016863671613e+01
8.413182944059371948e-02
8.817597627639770508e-01
2.141389744502881243e+01
1.845462741472393020e+01
8.415722101926803589e-02
3.818506300449371338e-01
2.141390240449261739e+01
1.796734487242607159e+01
4.136751890182495117e-01
8.821055889129638672e-01
2.034185331525919693e+01
1.270174799246951025e+01
9.158405065536499023e-01
6.182019710540771484e-01
2.141390059446701244e+01
1.542935111955745775e+01
8.415779471397399902e-02
8.818660378456115723e-01
2.141390248861799961e+01
1.768367633796463778e+01
4.136736989021301270e-01
3.820904791355133057e-01
2.034185314797939270e+01
1.729286622814703733e+01
8.415700495243072510e-02
3.818211853504180908e-01
2.141390168346826073e+01
1.511623905687060088e+01
8.415775001049041748e-02
8.818619847297668457e-01
2.141390248603926239e+01
2.044873490760826229e+01
8.451136201620101929e-02
8.820378184318542480e-01
2.135234581567218370e+01
1.887342579693885014e+01
1.084508061408996582e+00
8.828662037849426270e-01
2.135263763867195053e+01
1.593314092530777693e+01
8.450908213853836060e-02
3.828654587268829346e-01
2.135263763901394896e+01
1.626486430890025048e+01
5.866886377334594727e-01
1.185996383428573608e-01
2.037849323610017649e+01
2.025537674334940874e+01
-8.451031148433685303e-02
1.170884966850280762e-01
2.135263677134617666e+01
1.528455012695862614e+01
9.154909253120422363e-01
1.171336695551872253e-01
2.135263763932753278e+01
1.429534097081432620e+01
8.451117575168609619e-02
8.828662037849426270e-01
2.135263763676060478e+01
2.078835251789449501e+01
4.132815003395080566e-01
8.814005851745605469e-01
2.037849367606259321e+01
1.817756464684888584e+01
9.154568910598754883e-01
6.171526908874511719e-01
2.135263678551216060e+01
1.529781342730909444e+01
8.450908213853836060e-02
8.828656077384948730e-01
2.135263763911337520e+01
1.655016050167698438e+01
5.867156386375427246e-01
6.186884641647338867e-01
2.037849268642300515e+01
1.674402334759843924e+01
4.133072197437286377e-01
3.813715577125549316e-01
2.037849361373504209e+01
1.571641601986088688e+01
5.861250162124633789e-01
1.186259016394615173e-01
2.037832587038370491e+01
1.757656346485030596e+01
4.133014380931854248e-01
3.813742995262145996e-01
2.037849373932390051e+01
1.623814895252914425e+01
8.450908213853836060e-02
3.828652203083038330e-01
2.135263763881559385e+01
1.423575567930972952e+01
4.132404923439025879e-01
3.813741803169250488e-01
2.037849314516977017e+01
1.763030857393286510e+01
8.450923115015029907e-02
3.828693628311157227e-01
2.135263763538458193e+01
1.896732394074176398e+01
5.867183804512023926e-01
1.186404973268508911e-01
2.037849387627780828e+01
1.873405670461956873e+01
9.154890179634094238e-01
1.117077350616455078e+00
2.135263628986455586e+01
1.193350607195147006e+01
9.154905080795288086e-01
1.117106676101684570e+00
2.135263732936882164e+01
1.639480280018735670e+01
9.155513048171997070e-01
1.159366518259048462e-01
2.127972113210749683e+01
1.824219620091397331e+01
4.121959209442138672e-01
8.819487094879150391e-01
2.034954194941052208e+01
1.309671649060019050e+01
9.155565500259399414e-01
1.159416362643241882e-01
2.127972113783373942e+01
1.673679749033875197e+01
9.155558943748474121e-01
1.115914225578308105e+00
2.127972092918652436e+01
1.423234050487408986e+01
5.878077149391174316e-01
1.117989182472229004e+00
2.034954196174409446e+01
1.593335110911056596e+01
5.878077149391174316e-01
1.180205047130584717e-01
2.034954227983832453e+01
2.005794257029610250e+01
-8.444347232580184937e-02
6.159369349479675293e-01
2.127972114749731247e+01
1.249500996739995351e+01
8.444619923830032349e-02
3.840632140636444092e-01
2.127972114341721621e+01
1.705303595917321147e+01
4.121886789798736572e-01
3.819810450077056885e-01
2.034954227357140155e+01
1.508805705858420865e+01
9.155556559562683105e-01
1.159368380904197693e-01
2.127972114713312379e+01
1.381712736031184008e+01
9.155558347702026367e-01
6.159039139747619629e-01
2.127972068515288839e+01
1.261958779512011830e+01
4.122341573238372803e-01
8.819798827171325684e-01
2.034954147237020194e+01
1.430503015862308303e+01
5.878229737281799316e-01
1.180149987339973450e-01
2.034954216455803433e+01
1.737339579208652651e+01
4.122125804424285889e-01
8.819798827171325684e-01
2.034954208996486713e+01
1.423515543528642624e+01
8.444325625896453857e-02
8.840515613555908203e-01
2.127972109052857874e+01
1.655042830580170943e+01
5.878077745437622070e-01
6.180055141448974609e-01
2.034954220915826539e+01
1.343007571822822754e+01
4.120661616325378418e-01
3.819798529148101807e-01
2.034953496945364293e+01
1.810372134511525388e+01
5.878371000289916992e-01
6.180593967437744141e-01
2.034954136817282233e+01
1.395125482014971752e+01
8.444375544786453247e-02
8.840524554252624512e-01
2.127972109893001829e+01
1.553386942767608225e+01
9.155479073524475098e-01
6.159350275993347168e-01
2.127972110389768190e+01
1.813510773431811529e+01
5.877212882041931152e-01
6.237193346023559570e-01
2.063590415283823631e+01
1.587206548498962633e+01
9.159336686134338379e-01
6.168364286422729492e-01
2.133500281864118264e+01
1.553429758915843806e+01
9.163816571235656738e-01
6.168665289878845215e-01
2.133488199195117474e+01
1.863946818054932919e+01
4.122790396213531494e-01
3.762430250644683838e-01
2.063590372734191902e+01
1.633772352916360759e+01
5.873066186904907227e-01
1.237691640853881836e-01
2.063581209251538340e+01
1.615567754602703587e+01
8.406590670347213745e-02
8.831424117088317871e-01
2.133500296731942925e+01
1.688955472164158422e+01
9.159007072448730469e-01
6.168539524078369141e-01
2.133500229832970874e+01
1.759610995528115751e+01
4.122384190559387207e-01
8.762506842613220215e-01
2.063590302640314178e+01
1.852414263190103583e+01
4.122706055641174316e-01
8.762423992156982422e-01
2.063590367680355087e+01
1.437805805221764111e+01
8.406621217727661133e-02
-1.168425977230072021e-01
2.133500290128935006e+01
1.616896509537727411e+01
9.159345030784606934e-01
1.168741062283515930e-01
2.133500281889124039e+01
1.424755684658874166e+01
9.159264564514160156e-01
1.168547719717025757e-01
2.133500293449656127e+01
1.720606733992123694e+01
9.159336686134338379e-01
1.168552413582801819e-01
2.133500296948953334e+01
1.690219822501553182e+01
9.159345030784606934e-01
6.168705224990844727e-01
2.133500287078514646e+01
1.799464116761072674e+01
8.406665176153182983e-02
8.831447362899780273e-01
2.133500296926736794e+01
1.697358479914865370e+01
-8.406568318605422974e-02
1.168552860617637634e-01
2.133500296956130882e+01
1.618277525136332429e+01
5.877210497856140137e-01
1.237890794873237610e-01
2.063590262133246256e+01
1.588450482312642897e+01
5.876942873001098633e-01
1.237212419509887695e-01
2.063590376797857928e+01
1.494940843202063974e+01
4.122786819934844971e-01
-1.237090900540351868e-01
2.063590410582438750e+01
1.574450918172491320e+01
4.122787117958068848e-01
8.762785792350769043e-01
2.063590415387429289e+01
1.983143741311578268e+01
4.130394458770751953e-01
3.816805183887481689e-01
2.036267928033607788e+01
1.664556033789310163e+01
1.084650516510009766e+00
8.815297484397888184e-01
2.143335462594221141e+01
1.339187075153861528e+01
1.084660172462463379e+00
8.815591335296630859e-01
2.143335510234370744e+01
1.387591996215868129e+01
9.153430461883544922e-01
1.184386536478996277e-01
2.143335509753116241e+01
1.992046591404390199e+01
4.130027890205383301e-01
-1.182668358087539673e-01
2.036267973007520737e+01
1.564002670580694421e+01
5.870149731636047363e-01
1.182969808578491211e-01
2.036267988944252849e+01
1.732579388989146096e+01
8.468819409608840942e-02
3.815466165542602539e-01
2.143335452687152909e+01
1.514524691800656520e+01
9.153395295143127441e-01
1.184404790401458740e-01
2.143335510298049940e+01
2.077838117800630613e+01
9.153394699096679688e-01
1.184237301349639893e-01
2.143335500957833517e+01
1.738155968091848891e+01
9.153239727020263672e-01
1.118435621261596680e+00
2.143335494803776697e+01
1.531813331503393627e+01
5.869621038436889648e-01
1.183577030897140503e-01
2.036267830218930897e+01
1.638678629755487393e+01
5.870349407196044922e-01
1.183234006166458130e-01
2.036267912954034642e+01
2.028846045364703699e+01
5.869979262351989746e-01
6.182717680931091309e-01
2.036267982254189235e+01
1.616095260584320670e+01
8.463868498802185059e-02
8.815909624099731445e-01
2.143335443574434862e+01
1.904809013245545657e+01
9.153360128402709961e-01
6.184386014938354492e-01
2.143335509592948540e+01
1.840181068653072671e+01
5.870091319084167480e-01
6.183509230613708496e-01
2.036267901674149883e+01
1.501105406085895844e+01
9.153390526771545410e-01
6.184394359588623047e-01
2.143335510386454601e+01
1.518516600767389058e+01
-8.465363830327987671e-02
6.184387803077697754e-01
2.143335507710896692e+01
1.214592767663512518e+01
9.153394103050231934e-01
6.184457540512084961e-01
2.143335508303472636e+01
1.656296982691262798e+01
8.466649800539016724e-02
3.815354406833648682e-01
2.143335479424393242e+01
2.052765537385957373e+01
9.185416698455810547e-01
6.128620505332946777e-01
2.159550220406287480e+01
1.612336177513460811e+01
8.145799487829208374e-02
3.871275484561920166e-01
2.159550219118280623e+01
1.414625789298712988e+01
9.185392260551452637e-01
1.112829089164733887e+00
2.159550163176452031e+01
1.513698478674075432e+01
4.141922593116760254e-01
3.726745247840881348e-01
1.997934433885434302e+01
1.683069232315421004e+01
5.858080387115478516e-01
1.273424029350280762e-01
1.997934419742519196e+01
1.495055789286666581e+01
8.177107572555541992e-02
3.871441781520843506e-01
2.159544601870848268e+01
1.781264483126141229e+01
4.141932725906372070e-01
3.727375864982604980e-01
1.997934371300441470e+01
1.512717840429840166e+01
4.141973257064819336e-01
3.726844191551208496e-01
1.997934435132403763e+01
1.784653466732406102e+01
5.858086347579956055e-01
6.273790001869201660e-01
1.997934344402134599e+01
1.554417335811069023e+01
5.858079791069030762e-01
1.273344606161117554e-01
1.997934428008288066e+01
1.890995666382233864e+01
8.145781606435775757e-02
3.871254920959472656e-01
2.159550217766317104e+01
1.598624308517023351e+01
5.858080387115478516e-01
1.273359060287475586e-01
1.997934426717909773e+01
1.745159719741173632e+01
8.145648241043090820e-02
8.870738148689270020e-01
2.159550065093369398e+01
1.546757066209937115e+01
4.141860306262969971e-01
8.726840019226074219e-01
1.997934434444742635e+01
1.833275705306001413e+01
9.185514450073242188e-01
1.128660812973976135e-01
2.159550215679889362e+01
2.108538187466483649e+01
4.141915142536163330e-01
3.726474046707153320e-01
1.997934404903741523e+01
1.800012522776753698e+01
8.146344870328903198e-02
3.871839642524719238e-01
2.159550114058970749e+01
2.110397205499156215e+01
9.185416698455810547e-01
6.128765940666198730e-01
2.159550216021571245e+01
1.864624328768056571e+01
9.185401201248168945e-01
1.128145977854728699e-01
2.159550108869522944e+01
1.879917642884302253e+01
9.185425043106079102e-01
6.128809452056884766e-01
2.159550211195925584e+01
1.562439607445484668e+01
5.847480893135070801e-01
1.243077516555786133e-01
1.986928766557277726e+01
1.785769247712195806e+01
5.848081111907958984e-01
1.242961511015892029e-01
1.986928900583015434e+01
1.741767528631221751e+01
5.848081111907958984e-01
1.243056058883666992e-01
1.986928903620500009e+01
1.888693981087628160e+01
5.848435759544372559e-01
6.243080496788024902e-01
1.986928855931577331e+01
1.822167418720365362e+01
9.174698591232299805e-01
6.214619278907775879e-01
2.212373870445347279e+01
1.868207539791227489e+01
9.174641370773315430e-01
6.214622259140014648e-01
2.212373867799737326e+01
1.559158965958475562e+01
5.848082304000854492e-01
6.243402957916259766e-01
1.986928879767433642e+01
1.843378003814560628e+01
8.252976089715957642e-02
3.785504698753356934e-01
2.212373863690348585e+01
1.197497444089945517e+01
8.252990990877151489e-02
-1.214604675769805908e-01
2.212373870334090853e+01
1.592398733167816438e+01
4.151823222637176514e-01
8.757586479187011719e-01
1.986928798972249766e+01
1.895656873682386134e+01
9.174919128417968750e-01
1.214624419808387756e-01
2.212373837275399069e+01
2.119524306182714568e+01
9.174701571464538574e-01
6.214580535888671875e-01
2.212373869739776922e+01
1.689285353125542599e+01
4.151919186115264893e-01
3.754814565181732178e-01
1.986927889773994949e+01
1.857579317809694075e+01
1.082500815391540527e+00
8.784987330436706543e-01
2.212373746777209860e+01
1.618671198588600646e+01
8.254881203174591064e-02
8.785378336906433105e-01
2.212373844690127100e+01
1.750883204486026301e+01
9.174257516860961914e-01
6.214618682861328125e-01
2.212373730181267106e+01
1.760922075440904067e+01
9.174554347991943359e-01
1.214620992541313171e-01
2.212373854885598234e+01
1.792082232599370428e+01
5.848031044006347656e-01
6.242694854736328125e-01
1.986928869064518466e+01
1.687587844354194289e+01
5.848081111907958984e-01
1.243142187595367432e-01
1.986928902831133570e+01
1.958507700184291167e+01
5.848091244697570801e-01
1.243079006671905518e-01
1.986928903703558547e+01
1.819036394539346446e+01
4.161656498908996582e-01
3.734848797321319580e-01
1.994969416404943274e+01
1.869415547306804015e+01
5.838328599929809570e-01
1.265646219253540039e-01
1.994969360449731965e+01
1.721651508909706152e+01
8.232272416353225708e-02
8.831804990768432617e-01
2.183205019620157472e+01
1.563930982703123540e+01
5.838813185691833496e-01
1.264828592538833618e-01
1.994969300103641174e+01
1.782919937585588244e+01
4.161653518676757812e-01
-1.264564394950866699e-01
1.994969337666020692e+01
1.653862977459993644e+01
1.082321286201477051e+00
8.831877708435058594e-01
2.183205021749262542e+01
1.542683817449364803e+01
4.161659479141235352e-01
8.734866380691528320e-01
1.994969416337162826e+01
1.973857857930674697e+01
9.176771044731140137e-01
6.168090105056762695e-01
2.183205021465007789e+01
1.605256104648547222e+01
9.176772236824035645e-01
1.168193891644477844e-01
2.183205019689273385e+01
1.562408718495638738e+01
9.176698327064514160e-01
1.116753697395324707e+00
2.183204873302000593e+01
1.549817002737048099e+01
5.838345885276794434e-01
6.264697313308715820e-01
1.994969369287511185e+01
1.769396373089567476e+01
5.838338136672973633e-01
1.265331357717514038e-01
1.994969409011743267e+01
1.718810566049186406e+01
8.232252299785614014e-02
8.831570744514465332e-01
2.183204981721017646e+01
1.591882875689710986e+01
8.232279866933822632e-02
3.831864893436431885e-01
2.183205021820016611e+01
1.515325949113706017e+01
4.161658287048339844e-01
-1.265052109956741333e-01
1.994969414155616860e+01
1.460878936187647525e+01
5.841336846351623535e-01
1.126506805419921875e+00
1.994965657211155374e+01
1.685703677315202853e+01
9.176772832870483398e-01
1.168261617422103882e-01
2.183205013591471300e+01
1.665277901512116543e+01
5.840750932693481445e-01
6.265152096748352051e-01
1.994966982409072287e+01
1.751666775866326731e+01
5.835651159286499023e-01
6.264868378639221191e-01
1.994966355733524210e+01
1.614774411508388496e+01
5.838639140129089355e-01
1.265144050121307373e-01
1.994969378940535876e+01
1.836858571555371711e+01
4.160334169864654541e-01
8.801828026771545410e-01
1.971301849040196430e+01
1.626000921731638726e+01
5.839661359786987305e-01
1.198415756225585938e-01
1.971301884007287342e+01
1.667439457743747866e+01
8.151139318943023682e-02
8.870623707771301270e-01
2.159978328207226284e+01
1.738558532934083800e+01
1.081503987312316895e+00
8.870619535446166992e-01
2.159978325191070070e+01
1.573265243817660597e+01
9.184896349906921387e-01
6.129604578018188477e-01
2.159978305932588682e+01
1.486499008738318217e+01
9.184891581535339355e-01
1.129478216171264648e-01
2.159978323772403286e+01
1.547610463303602657e+01
8.151055127382278442e-02
8.870386481285095215e-01
2.159978304161025520e+01
1.489246007926782411e+01
8.149211108684539795e-02
8.870602250099182129e-01
2.159978307036855938e+01
2.088519632336044296e+01
5.839651226997375488e-01
6.198849678039550781e-01
1.971301878910701078e+01
1.549362347011440555e+01
5.839377641677856445e-01
6.198615431785583496e-01
1.971301865758206517e+01
1.500498517601623760e+01
9.184888005256652832e-01
1.129403859376907349e-01
2.159978327885898963e+01
1.749906345613570124e+01
9.184890985488891602e-01
6.129481792449951172e-01
2.159978323456613580e+01
1.563296389807960729e+01
5.840191841125488281e-01
6.198577284812927246e-01
1.971301794228588378e+01
1.883674791116529335e+01
8.151110261678695679e-02
3.870591223239898682e-01
2.159978327759879235e+01
1.601528587708727258e+01
4.160326123237609863e-01
3.801598846912384033e-01
1.971301882603235001e+01
1.814907837132571800e+01
5.839635133743286133e-01
6.199347972869873047e-01
1.971301766645798637e+01
1.808461153420928369e+01
9.184880256652832031e-01
6.129657030105590820e-01
2.159978294433571477e+01
1.475082993852097957e+01
9.184890985488891602e-01
6.129486560821533203e-01
2.159978323017153556e+01
1.557385229497683632e+01
4.160353243350982666e-01
8.800718188285827637e-01
1.971301788149882483e+01
1.532409945093210268e+01
4.160669445991516113e-01
8.801352977752685547e-01
1.971301855733281272e+01
1.410758656051326909e+01
4.160008728504180908e-01
8.770862221717834473e-01
1.981903900321753653e+01
1.604450448111873229e+01
-8.218933641910552979e-02
1.177985370159149170e-01
2.189252804663527741e+01
1.234322938042586415e+01
8.219558000564575195e-02
8.822016119956970215e-01
2.189252802222689098e+01
1.760331057127445931e+01
9.178093671798706055e-01
6.177122592926025391e-01
2.189252488524397222e+01
1.599455698982914065e+01
5.839995145797729492e-01
6.228739619255065918e-01
1.981903875738403897e+01
1.752930558805320871e+01
5.839924812316894531e-01
6.229047775268554688e-01
1.981903899395793545e+01
1.968813215796606286e+01
4.160842001438140869e-01
8.769842982292175293e-01
1.981903378254629899e+01
1.823732301839037717e+01
4.160102009773254395e-01
8.770923614501953125e-01
1.981903897939558234e+01
1.893879633500501214e+01
5.839807391166687012e-01
6.229079365730285645e-01
1.981903888466322528e+01
1.414615414576099717e+01
9.178094863891601562e-01
1.117794036865234375e+00
2.189252803731832486e+01
1.366962123375994054e+01
5.839990973472595215e-01
1.229139864444732666e-01
1.981903900259647600e+01
1.760135351593579500e+01
8.218453079462051392e-02
8.821718692779541016e-01
2.189252766054320887e+01
2.118507884539653219e+01
4.160165190696716309e-01
3.770913183689117432e-01
1.981903891958435793e+01
1.673453622479069480e+01
4.160059094429016113e-01
8.770625591278076172e-01
1.981903879722365502e+01
1.424030216782870539e+01
4.160046875476837158e-01
8.770958781242370605e-01
1.981903900438917887e+01
1.502752820827578617e+01
4.159754216670989990e-01
3.770931959152221680e-01
1.981903877115101764e+01
1.842783085399815945e+01
4.160006046295166016e-01
3.771066069602966309e-01
1.981903896788809405e+01
1.881367340536544575e+01
9.178108572959899902e-01
6.178178191184997559e-01
2.189252788877230671e+01
1.625872388740316410e+01
4.160007238388061523e-01
3.770937025547027588e-01
1.981903901231522269e+01
1.811808963283577611e+01
9.178100824356079102e-01
1.117779970169067383e+00
2.189252790013896188e+01
1.407258043435327544e+01
4.160743057727813721e-01
8.744277358055114746e-01
1.970737211733723626e+01
1.791087659263678944e+01
5.840652585029602051e-01
6.256670355796813965e-01
1.970738283679277103e+01
1.551455001780777998e+01
1.083513617515563965e+00
8.830991387367248535e-01
2.255257639722508500e+01
1.677814925633949628e+01
5.840844511985778809e-01
1.257373690605163574e-01
1.970738353374886032e+01
1.678176429719053431e+01
9.165158867835998535e-01
6.168032288551330566e-01
2.255257242002007700e+01
1.857468987827612494e+01
4.158522188663482666e-01
3.742730915546417236e-01
1.970738120576343633e+01
1.831649003963716638e+01
9.164799451828002930e-01
1.168893277645111084e-01
2.255257649205931614e+01
2.202357064420723631e+01
8.354716002941131592e-02
8.831120729446411133e-01
2.255257602296422448e+01
1.635292034008641338e+01
8.352039009332656860e-02
3.831245601177215576e-01
2.255257641810775127e+01
1.147179107227493589e+01
9.164611697196960449e-01
1.168886572122573853e-01
2.255257626722359632e+01
1.690262729597355928e+01
9.164405465126037598e-01
1.116887688636779785e+00
2.255257550016725787e+01
1.737760428162377124e+01
8.352068811655044556e-02
3.831115961074829102e-01
2.255257649221808691e+01
1.788814508552724902e+01
9.164798855781555176e-01
6.168987154960632324e-01
2.255257644497766378e+01
1.822088615906279685e+01
9.164764285087585449e-01
1.168883219361305237e-01
2.255257648462422537e+01
1.792146160377599884e+01
8.352015167474746704e-02
3.831130862236022949e-01
2.255257649150885868e+01
1.789001558523281687e+01
8.258996158838272095e-02
3.831112980842590332e-01
2.255202053956315211e+01
1.838238898122659748e+01
4.159677326679229736e-01
3.742581307888031006e-01
1.970738339157562535e+01
1.682896939839159955e+01
4.159342944622039795e-01
3.742617368698120117e-01
1.970738369676201529e+01
1.895032966726191503e+01
4.159396886825561523e-01
3.742210268974304199e-01
1.970738340862371274e+01
1.779671395839402592e+01
8.350451290607452393e-02
8.830959796905517578e-01
2.255257623081524443e+01
2.039023088713094012e+01
4.139067232608795166e-01
8.716108798980712891e-01
1.978433076869281138e+01
1.895987886961570368e+01
5.856535434722900391e-01
1.283785402774810791e-01
1.978426447601608018e+01
1.841277792278895475e+01
4.141654074192047119e-01
3.716061115264892578e-01
1.978430786108696182e+01
1.844889422037599758e+01
4.139063656330108643e-01
3.716281056404113770e-01
1.978433071766959728e+01
1.652908482845505489e+01
4.139064550399780273e-01
3.716358840465545654e-01
1.978433066102440563e+01
1.700733487045436476e+01
5.860928893089294434e-01
6.284358501434326172e-01
1.978433039003746785e+01
1.679383994040535555e+01
4.139067232608795166e-01
3.716171681880950928e-01
1.978433076197745422e+01
1.732143094383535242e+01
9.174490571022033691e-01
1.151802539825439453e-01
2.244174773364332864e+01
1.373786463376428024e+01
8.256286382675170898e-02
-1.151533573865890503e-01
2.244174796059981603e+01
1.576310434016617101e+01
5.860939621925354004e-01
6.283770799636840820e-01
1.978433074369630162e+01
1.681535880142471129e+01
4.139055907726287842e-01
8.716102242469787598e-01
1.978433076810465607e+01
1.792699410262055437e+01
9.174093008041381836e-01
6.151503920555114746e-01
2.244174707804507563e+01
1.700738526403186768e+01
4.142724275588989258e-01
8.714078068733215332e-01
1.978427815976368720e+01
1.817763167670727142e+01
9.174550175666809082e-01
1.151549965143203735e-01
2.244174801040184875e+01
2.108929145807045558e+01
9.174285531044006348e-01
1.151567324995994568e-01
2.244174778863807873e+01
1.266596900746474574e+01
5.860931277275085449e-01
6.283962726593017578e-01
1.978433075970470512e+01
1.591354415115600851e+01
9.174216389656066895e-01
6.151526570320129395e-01
2.244174759111452389e+01
1.854540620928983685e+01
4.140024781227111816e-01
8.716351985931396484e-01
1.978432752188926713e+01
1.817945486875873939e+01
9.174483418464660645e-01
6.151540279388427734e-01
2.244174803914217264e+01
2.064336333125684675e+01
9.174264669418334961e-01
6.151527166366577148e-01
2.244174773861228900e+01
1.719243517889815820e+01
9.172931313514709473e-01
1.121232435107231140e-01
2.225533966150775100e+01
1.706042630862825860e+01
8.271538466215133667e-02
3.878824412822723389e-01
2.225533961384865478e+01
1.344677631635563486e+01
9.172927737236022949e-01
6.121209859848022461e-01
2.225533966349394888e+01
1.748834142834154903e+01
4.136308431625366211e-01
3.764804005622863770e-01
1.964849315164030585e+01
1.618011424441796109e+01
-8.270051330327987671e-02
6.120949983596801758e-01
2.225533933525061059e+01
1.715566701118317283e+01
5.863703489303588867e-01
1.235900744795799255e-01
1.964849202858306754e+01
1.678310329645571031e+01
4.136300981044769287e-01
8.764874935150146484e-01
1.964849316971124082e+01
1.749263465922819449e+01
-8.270651847124099731e-02
1.121210306882858276e-01
2.225533966375709483e+01
1.412586746372526036e+01
8.270651847124099731e-02
8.878778219223022461e-01
2.225533966317745893e+01
1.729842534595499615e+01
4.136298596858978271e-01
-1.234888136386871338e-01
1.964849310345725542e+01
1.645915539617398338e+01
5.863703489303588867e-01
6.234238147735595703e-01
1.964849192512845377e+01
1.722837821316787554e+01
4.136433899402618408e-01
8.764911293983459473e-01
1.964849311921367558e+01
1.733153680419059484e+01
8.273618668317794800e-02
8.878803253173828125e-01
2.225533915471202562e+01
1.782983498474503392e+01
4.136298596858978271e-01
3.765337467193603516e-01
1.964849285998984030e+01
1.744678763773436714e+01
5.863411426544189453e-01
6.234399676322937012e-01
1.964849210203325924e+01
1.738772530239016945e+01
9.172931909561157227e-01
1.112116575241088867e+00
2.225533965482872389e+01
1.267766005142941310e+01
9.172927737236022949e-01
6.121209859848022461e-01
2.225533966349394888e+01
1.734134189817538640e+01
4.136305153369903564e-01
8.764138221740722656e-01
1.964849213569409159e+01
1.774334724222195803e+01
5.863699316978454590e-01
6.235080957412719727e-01
1.964849317208076229e+01
1.678561206833707686e+01
9.172828793525695801e-01
6.120882630348205566e-01
2.225533912660364777e+01
2.010113816235248763e+01
5.861998200416564941e-01
1.273433566093444824e-01
1.975273568300699267e+01
1.602448752643195817e+01
9.161075353622436523e-01
6.171244382858276367e-01
2.256766679439651213e+01
1.927651857112421041e+01
8.385124057531356812e-02
8.828349113464355469e-01
2.256766729699915430e+01
1.724815180192235431e+01
1.083846926689147949e+00
8.828451633453369141e-01
2.256766764691723637e+01
1.720719809956978352e+01
8.384706825017929077e-02
8.828449845314025879e-01
2.256766764182375695e+01
1.666481813190925365e+01
8.384709805250167847e-02
3.828678131103515625e-01
2.256766806490081834e+01
1.818527475810244098e+01
5.861960649490356445e-01
6.273324489593505859e-01
1.975273587869639869e+01
1.624119849969213902e+01
8.384713530540466309e-02
8.828732967376708984e-01
2.256766809759478321e+01
1.874055602318968639e+01
8.348335325717926025e-02
8.831347227096557617e-01
2.256755401611409084e+01
1.861539407925196699e+01
4.137934148311614990e-01
3.726499676704406738e-01
1.975273554541495002e+01
1.706027038487182779e+01
9.161527156829833984e-01
6.170911192893981934e-01
2.256766766089190313e+01
1.653672952414599351e+01
8.384723216295242310e-02
-1.170605421066284180e-01
2.256766638741359543e+01
1.428635182539835746e+01
8.387740701436996460e-02
3.828571140766143799e-01
2.256766733962951221e+01
1.690170113533330465e+01
1.083824753761291504e+00
3.828730285167694092e-01
2.256766777734453910e+01
1.410995047412529146e+01
9.161540865898132324e-01
6.170195937156677246e-01
2.256766338038356423e+01
2.020229729365996008e+01
9.161528944969177246e-01
1.171501204371452332e-01
2.256766777152016346e+01
2.062838295367638608e+01
8.384473621845245361e-02
8.824698925018310547e-01
2.256759441727500359e+01
1.977331713614665532e+01
9.161353111267089844e-01
1.171302944421768188e-01
2.256766788278540403e+01
1.887477070986990668e+01
4.137963950634002686e-01
3.727198243141174316e-01
1.975273638699997036e+01
1.831460146681219925e+01
1.083846926689147949e+00
8.828744888305664062e-01
2.256766810114018895e+01
1.281954982180243086e+01
4.107272922992706299e-01
3.689132630825042725e-01
1.986103919109876870e+01
1.820906394893302860e+01
4.107167422771453857e-01
8.689013719558715820e-01
1.986103919255109318e+01
1.584639220388543279e+01
4.107191562652587891e-01
3.689152300357818604e-01
1.986103922377550646e+01
1.868735196292121969e+01
9.181082248687744141e-01
1.151751130819320679e-01
2.242987571285216930e+01
1.908134984687678326e+01
9.178129434585571289e-01
6.149775385856628418e-01
2.242994674252313558e+01
1.752625839760547066e+01
4.107142984867095947e-01
3.688904941082000732e-01
1.986103911896535124e+01
1.717840270304228412e+01
5.892797112464904785e-01
1.131008744239807129e+00
1.986103822070967340e+01
1.626521254207953859e+01
4.107159376144409180e-01
8.688747882843017578e-01
1.986103894467672148e+01
1.598114228453275487e+01
9.178133606910705566e-01
6.149079799652099609e-01
2.242994455607790627e+01
1.914071432049468413e+01
9.177792072296142578e-01
6.147756576538085938e-01
2.242992801617429777e+01
1.837774445040828297e+01
5.892855525016784668e-01
6.311473250389099121e-01
1.986103855201730539e+01
1.659982694851976248e+01
4.107189178466796875e-01
8.689360022544860840e-01
1.986103914867474174e+01
1.904446996872878728e+01
5.892826914787292480e-01
1.310847699642181396e-01
1.986103922488608120e+01
1.963355867838334490e+01
8.218795806169509888e-02
3.850472867488861084e-01
2.242994645716772339e+01
2.152533816709595271e+01
8.218702673912048340e-02
-1.149780452251434326e-01
2.242994674263915300e+01
1.651187166401662765e+01
9.179729819297790527e-01
1.149781718850135803e-01
2.242993036958611697e+01
1.912932673991810972e+01
5.892841219902038574e-01
1.311103254556655884e-01
1.986103911344677186e+01
1.651333484951323882e+01
5.892813205718994141e-01
1.310629099607467651e-01
1.986103914073681764e+01
1.739286833627278739e+01
5.892002582550048828e-01
1.131085157394409180e+00
1.986103697883963548e+01
1.720993776841121914e+01
8.219274878501892090e-02
8.850216865539550781e-01
2.242994672147800372e+01
1.593174601313174676e+01
4.322997033596038818e-01
8.778532743453979492e-01
1.728693308214231550e+01
1.504238927657632274e+01
5.676551461219787598e-01
1.220757067203521729e-01
1.728693297725716960e+01
1.611190568268139955e+01
8.668476343154907227e-02
8.839855194091796875e-01
2.082282771490585560e+01
1.124283540475054011e+01
9.132903218269348145e-01
6.160002350807189941e-01
2.082282744153022591e+01
1.520391446090829746e+01
5.677036046981811523e-01
1.220259964466094971e-01
1.728693341364176206e+01
1.681486945342105699e+01
4.322965741157531738e-01
-1.220272406935691833e-01
1.728693342594964477e+01
1.523219881006030185e+01
8.668643981218338013e-02
-1.159702315926551819e-01
2.082282733824113663e+01
1.321786287760695977e+01
4.323113858699798584e-01
8.780103325843811035e-01
1.728693284516484852e+01
1.473746342290836253e+01
5.676560997962951660e-01
1.220265179872512817e-01
1.728693275773441229e+01
1.562273994176840297e+01
4.322954416275024414e-01
-1.219874992966651917e-01
1.728693287253096500e+01
1.581985102890343065e+01
8.668971806764602661e-02
3.839979767799377441e-01
2.082282776775213762e+01
1.425732595826641003e+01
8.668632805347442627e-02
3.840169608592987061e-01
2.082282761982891373e+01
1.212665371879321974e+01
8.668485283851623535e-02
3.839873671531677246e-01
2.082282773277831467e+01
1.540505935490572043e+01
8.669776469469070435e-02
3.839985132217407227e-01
2.082282769080996943e+01
1.606984920118411608e+01
9.133018851280212402e-01
1.116001486778259277e+00
2.082282768579873178e+01
1.549898489616594865e+01
9.133321642875671387e-01
6.160021424293518066e-01
2.082282760495820639e+01
1.853172393930821826e+01
4.322986900806427002e-01
8.778252601623535156e-01
1.728693256656091748e+01
1.522044136482570842e+01
9.133146405220031738e-01
6.160026788711547852e-01
2.082282777866108248e+01
1.451139712372475365e+01
-8.668132126331329346e-02
1.160048246383666992e-01
2.082282776719566186e+01
1.194726078703615002e+01
8.667058497667312622e-02
3.839988708496093750e-01
2.082282765425663129e+01
1.951885204264399931e+01
9.135757684707641602e-01
1.180837377905845642e-01
2.097079183205297426e+01
1.686106337153464452e+01
5.721294283866882324e-01
6.327550411224365234e-01
1.746991037828118465e+01
1.520296243896248001e+01
9.134660959243774414e-01
6.184065341949462891e-01
2.097083064481865478e+01
1.569645572601146988e+01
8.643626421689987183e-02
3.815945684909820557e-01
2.097083651264920690e+01
1.285237323360048478e+01
5.721392631530761719e-01
1.328662335872650146e-01
1.746991154484080511e+01
1.600857837007420414e+01
5.721443891525268555e-01
6.329618096351623535e-01
1.746991046378336421e+01
1.593228758246398336e+01
9.135630130767822266e-01
6.183856725692749023e-01
2.097083633539268632e+01
1.395567838981939524e+01
5.721392631530761719e-01
1.328593045473098755e-01
1.746991154852658568e+01
1.740966653965789135e+01
5.721215009689331055e-01
6.328757405281066895e-01
1.746991141695663430e+01
1.734151352889881892e+01
-8.643225580453872681e-02
1.184062957763671875e-01
2.097083650305459201e+01
1.177529558326465065e+01
8.643677830696105957e-02
3.815938532352447510e-01
2.097083651262656545e+01
1.527121053249456750e+01
8.643366396427154541e-02
8.815538287162780762e-01
2.097083582360139076e+01
1.571124861945293993e+01
4.286745190620422363e-01
8.671322464942932129e-01
1.746969627546141623e+01
1.625364217741205763e+01
5.721353888511657715e-01
6.327902078628540039e-01
1.746991103370046261e+01
1.689294883829252925e+01
9.135591983795166016e-01
6.184176206588745117e-01
2.097083644076849041e+01
2.022321778601389752e+01
8.643628656864166260e-02
3.815938532352447510e-01
2.097083651280541261e+01
1.467963944395781617e+01
9.135302305221557617e-01
6.184038519859313965e-01
2.097083582180964711e+01
1.697109541479679606e+01
9.135635495185852051e-01
1.184056699275970459e-01
2.097083651272589933e+01
2.039291724313076415e+01
8.643624931573867798e-02
8.815940618515014648e-01
2.097083651280608763e+01
1.998297511861202835e+01
9.135653376579284668e-01
6.184447407722473145e-01
2.097083587285616346e+01
1.421153803149510253e+01
9.118867516517639160e-01
6.195207834243774414e-01
2.104218542590189855e+01
1.611708228020303579e+01
8.809804171323776245e-02
3.804982006549835205e-01
2.104218556371474946e+01
1.729068923406577696e+01
8.734516799449920654e-02
3.805231750011444092e-01
2.104183148222378463e+01
1.647424879610460025e+01
5.724947452545166016e-01
6.332663297653198242e-01
1.747590158978712083e+01
1.678056101936009625e+01
5.724912881851196289e-01
6.332252621650695801e-01
1.747590172570301092e+01
1.716492059494140676e+01
9.117726087570190430e-01
6.198650002479553223e-01
2.104211889457774021e+01
1.635940501798375735e+01
9.118869304656982422e-01
1.195065826177597046e-01
2.104218566001903667e+01
1.376469330817065462e+01
4.275305271148681641e-01
8.667750954627990723e-01
1.747590158056226883e+01
1.510422083524851544e+01
9.116486310958862305e-01
6.196295022964477539e-01
2.104214379323681428e+01
1.840050240688849925e+01
5.724545717239379883e-01
1.332194060087203979e-01
1.747590130180556756e+01
1.553857950454770531e+01
8.811451494693756104e-02
8.804989457130432129e-01
2.104218570337623717e+01
1.698599727241546375e+01
5.716778635978698730e-01
1.133230686187744141e+00
1.747568797046003652e+01
1.577980000449497489e+01
4.274950325489044189e-01
3.667568266391754150e-01
1.747590165225924963e+01
1.539552631255635795e+01
4.275043904781341553e-01
8.666996955871582031e-01
1.747590121180845202e+01
1.534682333883608152e+01
4.275074899196624756e-01
8.667390942573547363e-01
1.747590162932440450e+01
1.616388117282991033e+01
9.118861556053161621e-01
6.194943189620971680e-01
2.104218572311479463e+01
1.482262856211115576e+01
9.118848443031311035e-01
6.194944381713867188e-01
2.104218572104605300e+01
1.791800562740274572e+01
5.722123980522155762e-01
1.332329958677291870e-01
1.747587665599236928e+01
1.670430565710858417e+01
5.724986791610717773e-01
1.332810074090957642e-01
1.747590144793992906e+01
1.542085640272631508e+01
-8.811304718255996704e-02
6.194944381713867188e-01
2.104218572337128990e+01
1.481997075924688190e+01
4.275898337364196777e-01
8.703216314315795898e-01
1.741145447401923008e+01
1.656474517359871612e+01
5.723921060562133789e-01
1.296910345554351807e-01
1.741145456045395079e+01
1.540018427798275091e+01
9.120632410049438477e-01
1.113012790679931641e+00
2.064529198964202550e+01
1.592684076290442974e+01
1.087884902954101562e+00
3.869860768318176270e-01
2.064529089874570289e+01
1.179963615359030449e+01
9.120681881904602051e-01
6.129912137985229492e-01
2.064529179256752656e+01
1.712549851447328209e+01
-8.792357146739959717e-02
6.130133867263793945e-01
2.064529196722842741e+01
1.352740455626832272e+01
9.120324850082397461e-01
1.129914373159408569e-01
2.064529116952854437e+01
1.696625856915740371e+01
4.277769625186920166e-01
3.705149292945861816e-01
1.741144344543696931e+01
1.652100423475420143e+01
4.276132285594940186e-01
-1.296072304248809814e-01
1.741145410770412028e+01
1.522554665348636682e+01
5.722498297691345215e-01
6.296591758728027344e-01
1.741144878646435146e+01
1.610360038419073092e+01
8.799522370100021362e-02
8.869411945343017578e-01
2.064528907003071012e+01
1.669204390493949575e+01
9.120678901672363281e-01
1.113007307052612305e+00
2.064529198652646258e+01
1.185406380537562043e+01
9.120675325393676758e-01
6.129847764968872070e-01
2.064529165240433173e+01
1.141452758649753463e+01
9.120674729347229004e-01
1.112985968589782715e+00
2.064529168103213763e+01
1.556364395445769411e+01
8.793153613805770874e-02
8.869712352752685547e-01
2.064529189743858950e+01
1.310778975287758286e+01
9.120681881904602051e-01
1.130288764834403992e-01
2.064529189594484393e+01
1.562020165854066178e+01
8.793187141418457031e-02
3.869860172271728516e-01
2.064529200140497167e+01
2.014493637317575647e+01
9.119822382926940918e-01
1.125907450914382935e-01
2.064521165336469366e+01
1.704975409167542821e+01
8.793220669031143188e-02
8.869754076004028320e-01
2.064529194579313298e+01
1.619040453338359953e+01
8.793195337057113647e-02
3.869867920875549316e-01
2.064529200164931666e+01
1.571936239033987981e+01
9.122498631477355957e-01
1.179495826363563538e-01
2.094316486188005655e+01
1.084442219336862223e+01
4.330106079578399658e-01
8.795523047447204590e-01
1.725943623690882944e+01
1.600807798923713676e+01
5.669912695884704590e-01
6.203681230545043945e-01
1.725943655748458738e+01
1.574744897878472649e+01
5.669913291931152344e-01
6.203637719154357910e-01
1.725943653652002752e+01
1.574874659823995238e+01
5.669845938682556152e-01
1.203867495059967041e-01
1.725943659104065731e+01
1.624743439400554124e+01
8.774958550930023193e-02
3.820291161537170410e-01
2.094316422506232200e+01
1.245517081931323844e+01
9.122489094734191895e-01
1.179253906011581421e-01
2.094316511352852572e+01
1.457854160125097565e+01
9.122119545936584473e-01
1.179640963673591614e-01
2.094316363937469205e+01
1.623343543482858209e+01
4.330086112022399902e-01
3.796378970146179199e-01
1.725943652741653978e+01
1.599280796886635692e+01
1.087736368179321289e+00
8.820744156837463379e-01
2.094316499755926486e+01
1.380656125884551599e+01
9.122953414916992188e-01
6.179268360137939453e-01
2.094316389739119444e+01
1.809005349299568977e+01
5.670056939125061035e-01
1.120387077331542969e+00
1.725943653597744998e+01
1.532328671662147812e+01
9.122540354728698730e-01
1.179253235459327698e-01
2.094316510154621014e+01
1.446069900129635322e+01
9.122446775436401367e-01
1.179251745343208313e-01
2.094316510055887193e+01
1.615866260252228415e+01
9.122348427772521973e-01
6.179248690605163574e-01
2.094316499055025815e+01
1.612690541440379022e+01
8.775303512811660767e-02
8.820747733116149902e-01
2.094316511013669668e+01
1.571965017044144197e+01
4.330221712589263916e-01
8.795867562294006348e-01
1.725943649462575280e+01
1.535623943998936802e+01
9.122502207756042480e-01
1.179253309965133667e-01
2.094316511335280140e+01
1.951394731986357201e+01
9.122498035430908203e-01
6.179259419441223145e-01
2.094316511346928777e+01
2.005081511557413876e+01
5.669895410537719727e-01
1.204095706343650818e-01
1.725943655695100531e+01
1.700109143015252755e+01
8.578019589185714722e-02
8.875774741172790527e-01
2.042983790864638394e+01
1.849210224454965612e+01
8.577817678451538086e-02
3.875760436058044434e-01
2.042983790971376479e+01
1.401506580320173434e+01
-8.570461720228195190e-02
1.124719306826591492e-01
2.042983437646013201e+01
1.519773227164103169e+01
8.578489720821380615e-02
-1.124202609062194824e-01
2.042983788735139683e+01
1.165828485847256246e+01
8.577819913625717163e-02
8.875774145126342773e-01
2.042983791050671272e+01
1.701653708622074745e+01
9.142216444015502930e-01
1.124225780367851257e-01
2.042983791049610431e+01
1.722321701293673968e+01
9.142217040061950684e-01
1.124163866043090820e-01
2.042983789461215238e+01
1.611601904918116901e+01
8.577846735715866089e-02
3.875703513622283936e-01
2.042983788969125669e+01
1.585645499067319619e+01
8.577819913625717163e-02
3.875769972801208496e-01
2.042983791043061004e+01
1.220791878760464577e+01
-8.576471358537673950e-02
1.124226897954940796e-01
2.042983782511360147e+01
1.519275833290237543e+01
8.578987419605255127e-02
3.875775039196014404e-01
2.042983784662770574e+01
1.578975475980161036e+01
5.557504296302795410e-01
3.878605067729949951e-01
1.699468570441647586e+01
1.544427386860390250e+01
5.557504296302795410e-01
8.878265619277954102e-01
1.699468525229730531e+01
1.611772382323623987e+01
4.442731440067291260e-01
6.121039986610412598e-01
1.699468565898772354e+01
1.649005361951553184e+01
5.557501912117004395e-01
3.879237771034240723e-01
1.699468596965421696e+01
1.691788058909964221e+01
9.142218828201293945e-01
6.124367117881774902e-01
2.042983782754457067e+01
1.629685001897501451e+01
9.142217040061950684e-01
6.124256849288940430e-01
2.042983790648511189e+01
1.640781280635630779e+01
9.142217040061950684e-01
1.112399339675903320e+00
2.042983768642088904e+01
1.416334572154958593e+01
4.442430138587951660e-01
6.120837330818176270e-01
1.699468599776109912e+01
1.596112935835335023e+01
4.442361891269683838e-01
6.120160818099975586e-01
1.699468557309683447e+01
1.546270302479410574e+01
9.138768911361694336e-01
6.160485148429870605e-01
2.065191210793446785e+01
1.681542054181140955e+01
9.138833880424499512e-01
6.162773370742797852e-01
2.065193418453629803e+01
1.476457028633691593e+01
4.435579180717468262e-01
1.134427785873413086e-01
1.701442600066077304e+01
1.596679592073158283e+01
8.611559867858886719e-02
8.837206959724426270e-01
2.065193419632382898e+01
1.525643248449751788e+01
8.610661327838897705e-02
3.837205767631530762e-01
2.065193423847210852e+01
1.683258450751053559e+01
5.564241409301757812e-01
8.865094780921936035e-01
1.701442623031679346e+01
1.693165573732129303e+01
8.610662072896957397e-02
3.837205469608306885e-01
2.065193423847124876e+01
1.416972217702547709e+01
9.138934016227722168e-01
6.162813305854797363e-01
2.065193423695738062e+01
1.343024558329167562e+01
9.138893485069274902e-01
1.162794157862663269e-01
2.065193422988876293e+01
1.684724501175223921e+01
8.610562235116958618e-02
3.837206363677978516e-01
2.065193423799380668e+01
1.530279843269888573e+01
9.144341945648193359e-01
6.162791252136230469e-01
2.065178218955016121e+01
1.601056671854220781e+01
9.138681292533874512e-01
1.116279482841491699e+00
2.065193390697709219e+01
1.471829881293498588e+01
9.138909578323364258e-01
6.162794232368469238e-01
2.065193423533583683e+01
1.661024869905952528e+01
4.435610771179199219e-01
1.134845316410064697e-01
1.701442628073730390e+01
1.689712837007400026e+01
8.610662072896957397e-02
3.837205767631530762e-01
2.065193423847184562e+01
1.498917534819636543e+01
9.139385819435119629e-01
1.116278409957885742e+00
2.065193318031052883e+01
1.458023923677400724e+01
8.614698797464370728e-02
3.837051689624786377e-01
2.065193329454602278e+01
1.507094202512032588e+01
9.138797521591186523e-01
1.116279244422912598e+00
2.065193414165189623e+01
1.378118228145715030e+01
8.607685565948486328e-02
8.837208747863769531e-01
2.065193378024057580e+01
1.746630438337521696e+01
8.610657602548599243e-02
8.837248682975769043e-01
2.065193423091047009e+01
1.729007502969577814e+01
