9.151001572608947754e-01
6.141247749328613281e-01
2.052957416200533203e+01
1.347079949677187116e+01
5.636751055717468262e-01
3.667549788951873779e-01
1.729754118796996565e+01
1.652104255920716724e+01
9.151001572608947754e-01
6.141884326934814453e-01
2.052957583735124558e+01
1.681583364653011614e+01
8.490341901779174805e-02
3.857923746109008789e-01
2.052957567184486720e+01
1.412790765279615535e+01
-8.487706631422042847e-02
1.141962409019470215e-01
2.052957558559046802e+01
1.057473954853861819e+01
8.489823341369628906e-02
3.858008980751037598e-01
2.052957579138875488e+01
1.860592507688262032e+01
5.636015534400939941e-01
3.668341040611267090e-01
1.729754394088299563e+01
1.633498662036143756e+01
4.363951981067657471e-01
1.330220401287078857e-01
1.729754366940924015e+01
1.643015211578319779e+01
8.490046113729476929e-02
3.857954144477844238e-01
2.052957572791254393e+01
1.921396401323871928e+01
4.363876879215240479e-01
6.331044435501098633e-01
1.729754431321478592e+01
1.705460243973116974e+01
8.489824086427688599e-02
3.858055174350738525e-01
2.052957582326103037e+01
1.530001697975102637e+01
8.490630239248275757e-02
3.858119547367095947e-01
2.052957580722589270e+01
1.640503894157344078e+01
8.489715307950973511e-02
8.858115673065185547e-01
2.052957583747074466e+01
1.890032559297259596e+01
9.151015877723693848e-01
1.141830757260322571e-01
2.052957582638278211e+01
1.684786239158124133e+01
9.151017665863037109e-01
1.141884699463844299e-01
2.052957583830040988e+01
1.777766097737147177e+01
8.491378277540206909e-02
8.858119249343872070e-01
2.052957571977639972e+01
1.569805101504343270e+01
9.151021838188171387e-01
1.141884624958038330e-01
2.052957583811999243e+01
1.961685383467896315e+01
8.490376919507980347e-02
8.858117461204528809e-01
2.052957582406751058e+01
1.498131038051835873e+01
5.636098980903625488e-01
3.668941557407379150e-01
1.729754431668404635e+01
1.606821480434453164e+01
8.494038879871368408e-02
8.858126401901245117e-01
2.052957495127120779e+01
1.638812978994404546e+01
5.583515763282775879e-01
3.820092678070068359e-01
1.707635661508468772e+01
1.564806563171097586e+01
9.139951467514038086e-01
6.176732778549194336e-01
2.073455869384011052e+01
1.512581994398717100e+01
4.416466057300567627e-01
6.179327368736267090e-01
1.707635679605458634e+01
1.575729766185962966e+01
9.140027761459350586e-01
1.177598461508750916e-01
2.073455559973408668e+01
1.500100278573480850e+01
5.583549141883850098e-01
8.820540904998779297e-01
1.707635680879775819e+01
1.706815720518202184e+01
8.600331842899322510e-02
8.823218941688537598e-01
2.073455868695273452e+01
1.930639017819839509e+01
9.139906167984008789e-01
1.176631525158882141e-01
2.073455862877440836e+01
1.776047930219828075e+01
8.601545542478561401e-02
8.823267221450805664e-01
2.073455860568920883e+01
1.705614356652072061e+01
9.139995574951171875e-01
6.176732778549194336e-01
2.073455869410724617e+01
1.853747568328162387e+01
1.086000680923461914e+00
3.823266625404357910e-01
2.073455869464081758e+01
1.525797008075588934e+01
4.416466355323791504e-01
6.179440021514892578e-01
1.707635680991315397e+01
1.566379376340772112e+01
8.600372821092605591e-02
3.823177218437194824e-01
2.073455866293974026e+01
1.931603114940316601e+01
9.139974713325500488e-01
6.176958680152893066e-01
2.073455848746846186e+01
1.072700646864172569e+01
9.139961600303649902e-01
1.176760643720626831e-01
2.073455869270476981e+01
1.761219089474874266e+01
8.601127564907073975e-02
8.823202252388000488e-01
2.073455863801111576e+01
1.540872734989142856e+01
5.583557486534118652e-01
8.821623325347900391e-01
1.707635573771778681e+01
1.599958875943629444e+01
9.140027761459350586e-01
6.176733374595642090e-01
2.073455868080160158e+01
2.001622717552108455e+01
9.139994382858276367e-01
1.177257820963859558e-01
2.073455756175426501e+01
1.855562213911964875e+01
8.574084192514419556e-02
8.823259472846984863e-01
2.073452097714461217e+01
1.662001423154816138e+01
8.604609221220016479e-02
8.823264837265014648e-01
2.073455765648288818e+01
1.672125075522538751e+01
1.086257457733154297e+00
3.834779262542724609e-01
2.066762011765095508e+01
1.102994455149536002e+01
8.626127988100051880e-02
3.840311765670776367e-01
2.066748299564669367e+01
1.697364597079716120e+01
5.642648935317993164e-01
3.630501627922058105e-01
1.735996653174901638e+01
1.632479806420289137e+01
9.137259125709533691e-01
6.165460944175720215e-01
2.066762027076246966e+01
1.592240207258395834e+01
4.353680610656738281e-01
1.369423717260360718e-01
1.735991540183731985e+01
1.672600197239749065e+01
9.137389659881591797e-01
6.165585517883300781e-01
2.066762029691393465e+01
1.792797672546731036e+01
4.356788098812103271e-01
6.370210051536560059e-01
1.735996556480193576e+01
1.700754255174382124e+01
8.626103401184082031e-02
8.834434151649475098e-01
2.066762031557176016e+01
1.283895362620470948e+01
9.137341380119323730e-01
6.165460944175720215e-01
2.066762034867664255e+01
1.448425592122255523e+01
5.642785429954528809e-01
8.630458116531372070e-01
1.735996660698600991e+01
1.678239639125671800e+01
9.137245416641235352e-01
6.165460944175720215e-01
2.066762025084610599e+01
1.731883427087062799e+01
8.626130968332290649e-02
3.834177553653717041e-01
2.066761982151666288e+01
1.213297632132542958e+01
8.627620339393615723e-02
3.834673464298248291e-01
2.066762016443352223e+01
1.466001958352766010e+01
4.357349872589111328e-01
1.369717866182327271e-01
1.735996649317082330e+01
1.651657816128164313e+01
5.642719864845275879e-01
8.630868196487426758e-01
1.735996644420489687e+01
1.594563852240979607e+01
8.629449456930160522e-02
8.834533691406250000e-01
2.066761976958612479e+01
1.493122737951019730e+01
9.137196540832519531e-01
1.116546154022216797e+00
2.066762016372685551e+01
1.593791755123187848e+01
9.131757020950317383e-01
1.165457218885421753e-01
2.066745363244048406e+01
1.611814810534540143e+01
9.137390255928039551e-01
1.165765449404716492e-01
2.066761997817383190e+01
1.547958099884467842e+01
8.626098185777664185e-02
3.834538161754608154e-01
2.066762036120119816e+01
1.652376236582627556e+01
7.595445215702056885e-02
8.862488865852355957e-01
2.637787016446645083e+01
2.250907837689592839e+01
5.649865269660949707e-01
3.703291714191436768e-01
2.282003027078688717e+01
2.000591222158615778e+01
4.350157082080841064e-01
6.295880079269409180e-01
2.282002953732148143e+01
1.959851275625794997e+01
4.350131750106811523e-01
1.296808868646621704e-01
2.282003023319270341e+01
2.007397471236378905e+01
7.596079260110855103e-02
3.860790431499481201e-01
2.637785593930040307e+01
2.101341206729633271e+01
4.350128173828125000e-01
1.296622604131698608e-01
2.282003028078291962e+01
2.023303170745801083e+01
5.649931430816650391e-01
8.703368902206420898e-01
2.282003025855042821e+01
2.116113519362682993e+01
9.240055084228515625e-01
6.137097477912902832e-01
2.637786797871452649e+01
2.334669726312016280e+01
9.240468740463256836e-01
1.137527227401733398e-01
2.637787016572834631e+01
2.036524718025572867e+01
7.595308870077133179e-02
3.862476348876953125e-01
2.637787016597630085e+01
1.832360556011749253e+01
5.649867057800292969e-01
8.703377842903137207e-01
2.282003028108607268e+01
2.110105815837076193e+01
9.238808751106262207e-01
1.137929931282997131e-01
2.637784703908415906e+01
2.218093481961455637e+01
4.350129961967468262e-01
6.296924948692321777e-01
2.282003015573151927e+01
2.016868298344817845e+01
9.240469932556152344e-01
6.137273311614990234e-01
2.637786986907068965e+01
2.064201321079850970e+01
9.240453243255615234e-01
1.136860400438308716e-01
2.637786802762012428e+01
2.139391305776084096e+01
4.353400468826293945e-01
1.296648979187011719e-01
2.281997904387495169e+01
2.141457919708658153e+01
9.239285588264465332e-01
6.137524247169494629e-01
2.637785895445040296e+01
2.228989644632655853e+01
1.075941443443298340e+00
3.862476348876953125e-01
2.637787005689373743e+01
2.092357205673715015e+01
5.649865865707397461e-01
3.703379333019256592e-01
2.282003028112918130e+01
2.062626489586149603e+01
9.240259528160095215e-01
6.136955022811889648e-01
2.637786828666562400e+01
2.101963228838478770e+01
9.242411255836486816e-01
1.145157068967819214e-01
2.642975045189436756e+01
1.976266088326856973e+01
9.242495298385620117e-01
6.145147085189819336e-01
2.642975050751083188e+01
2.589808478999217201e+01
7.575861364603042603e-02
3.855117559432983398e-01
2.642975007639993379e+01
2.096127663869547675e+01
4.356024861335754395e-01
1.252964287996292114e-01
2.272354667921877081e+01
1.995362240180523372e+01
9.242483377456665039e-01
1.145162507891654968e-01
2.642975050780758295e+01
2.045350230782014833e+01
9.242383241653442383e-01
6.145217418670654297e-01
2.642975038972145896e+01
2.484111625007912849e+01
-7.575169205665588379e-02
6.144899129867553711e-01
2.642975016583046255e+01
1.928219178812832624e+01
4.356019794940948486e-01
6.252959966659545898e-01
2.272354667936300032e+01
2.083147928369866975e+01
7.575966417789459229e-02
3.854843676090240479e-01
2.642975044052144540e+01
2.462066378945511502e+01
4.356019794940948486e-01
1.252959370613098145e-01
2.272354667936351902e+01
2.085696160756773665e+01
9.242486357688903809e-01
1.145043596625328064e-01
2.642975043851833306e+01
2.110053740181982107e+01
9.242456555366516113e-01
1.146255433559417725e-01
2.642974458841932517e+01
2.132000339497650998e+01
4.356018006801605225e-01
6.252936720848083496e-01
2.272354667864911448e+01
2.125854207130793583e+01
7.574976235628128052e-02
8.854536414146423340e-01
2.642975006256487447e+01
1.895655093901815746e+01
7.575048506259918213e-02
3.854796588420867920e-01
2.642975050060519848e+01
2.145042098352427828e+01
9.242482185363769531e-01
6.145328879356384277e-01
2.642975037063551724e+01
2.127313721608601327e+01
7.575431466102600098e-02
3.854784965515136719e-01
2.642975048303078722e+01
2.255388097232910738e+01
5.643979907035827637e-01
3.747040033340454102e-01
2.272354667936280137e+01
2.102760397802906667e+01
-7.574822008609771729e-02
1.145564168691635132e-01
2.642974971263695139e+01
1.780052611076494173e+01
9.242864251136779785e-01
6.145203113555908203e-01
2.642974936820309750e+01
2.074538859412322367e+01
4.370923042297363281e-01
1.195933669805526733e-01
2.260470569219780046e+01
2.182156876199622886e+01
5.629256367683410645e-01
3.804072141647338867e-01
2.260470556202959003e+01
2.149742115283846644e+01
4.370906054973602295e-01
1.195931881666183472e-01
2.260470569100494487e+01
2.157304773003305343e+01
4.370919167995452881e-01
6.195478439331054688e-01
2.260470541238844433e+01
2.055501410246550265e+01
7.731089740991592407e-02
3.826409578323364258e-01
2.663065632757497525e+01
2.123006991576843916e+01
9.226850867271423340e-01
1.173648983240127563e-01
2.663065628726231537e+01
2.302260221510831784e+01
7.730948179960250854e-02
3.826388120651245117e-01
2.663065632691859008e+01
2.057321825883471078e+01
7.730947434902191162e-02
8.826180696487426758e-01
2.663065607083206743e+01
2.411047398941836306e+01
9.226904511451721191e-01
6.173641085624694824e-01
2.663065631645254072e+01
2.295208958562441737e+01
4.370930492877960205e-01
1.195931807160377502e-01
2.260470569199067725e+01
2.247383583924560568e+01
9.226284623146057129e-01
6.173592209815979004e-01
2.663065306182664926e+01
1.999012368423341712e+01
9.226896762847900391e-01
1.173412352800369263e-01
2.663065617336840418e+01
2.167971389739230759e+01
5.629072189331054688e-01
8.804067969322204590e-01
2.260470569211809178e+01
2.217480900617780648e+01
5.629361867904663086e-01
8.804078102111816406e-01
2.260470536422052490e+01
2.106415247260708412e+01
9.226904511451721191e-01
6.173678040504455566e-01
2.663065629119085997e+01
2.069933181719325077e+01
9.225337505340576172e-01
6.173616647720336914e-01
2.663063548056518925e+01
2.415644457313656090e+01
9.226471781730651855e-01
6.173592209815979004e-01
2.663065473551780116e+01
2.048604345808012184e+01
7.730948179960250854e-02
8.826398849487304688e-01
2.663065632865554733e+01
2.109375305813199475e+01
9.226896762847900391e-01
1.173591241240501404e-01
2.663065632866191734e+01
2.040315548064393525e+01
5.628873109817504883e-01
8.804061412811279297e-01
2.260470552493533702e+01
2.204184745155071212e+01
4.353508055210113525e-01
6.217370033264160156e-01
2.264761986087046353e+01
2.107094137141807266e+01
7.598146051168441772e-02
8.844894170761108398e-01
2.649917604024389206e+01
2.291946542493093730e+01
9.240189790725708008e-01
1.155219599604606628e-01
2.649917597926965840e+01
1.467131645573003418e+01
7.598146051168441772e-02
8.844891190528869629e-01
2.649917604027411855e+01
2.373251013489749894e+01
7.598146051168441772e-02
8.844891190528869629e-01
2.649917604027411855e+01
2.177931087509186980e+01
-7.593744248151779175e-02
1.155301555991172791e-01
2.649917424384625519e+01
1.944853154602598266e+01
7.598160207271575928e-02
8.844890594482421875e-01
2.649917604025508666e+01
2.095025109732607049e+01
4.353705942630767822e-01
1.217218115925788879e-01
2.264761973544261764e+01
2.068819901854892152e+01
7.598146051168441772e-02
8.844894170761108398e-01
2.649917604024389206e+01
2.131611418298385985e+01
-7.598146051168441772e-02
1.155062541365623474e-01
2.649917602993427934e+01
1.696564829962632359e+01
1.075976967811584473e+00
8.844889402389526367e-01
2.649917602311186471e+01
1.684101313620546136e+01
-7.598146051168441772e-02
1.155110150575637817e-01
2.649917604025916518e+01
1.498921564227287107e+01
1.075968146324157715e+00
3.844877779483795166e-01
2.649917588965577053e+01
1.403368779304154224e+01
9.239991307258605957e-01
6.155419349670410156e-01
2.649917522515647406e+01
1.657603179933681758e+01
7.598146051168441772e-02
8.844887614250183105e-01
2.649917604019484330e+01
2.527492455088898282e+01
7.598146051168441772e-02
8.844894170761108398e-01
2.649917604024389206e+01
2.103178039834330093e+01
7.598146051168441772e-02
8.844892382621765137e-01
2.649917604027253759e+01
2.404278977874700374e+01
9.239966869354248047e-01
6.155863404273986816e-01
2.649917277205420518e+01
2.101794273291247706e+01
7.598146051168441772e-02
8.844894170761108398e-01
2.649917604024389206e+01
2.107401297337511892e+01
7.599562406539916992e-02
8.847091794013977051e-01
2.649915211865518216e+01
2.101097788374473652e+01
9.238773584365844727e-01
1.149080991744995117e-01
2.650360722509990552e+01
2.155629194953685257e+01
7.605380564928054810e-02
8.844155669212341309e-01
2.650382913164042264e+01
2.237711938924635291e+01
7.605339586734771729e-02
3.844136297702789307e-01
2.650382911238127193e+01
2.096586030442871618e+01
7.606805860996246338e-02
8.845321536064147949e-01
2.650382335844831161e+01
2.106346722332650501e+01
9.239453673362731934e-01
6.155461072921752930e-01
2.650382875321447074e+01
2.439439563916139164e+01
9.239272475242614746e-01
1.115567684173583984e+00
2.650382884301797759e+01
1.595757443846340706e+01
9.239285588264465332e-01
1.155745238065719604e-01
2.650382890787846435e+01
1.990311381936025370e+01
4.371250271797180176e-01
6.202909946441650391e-01
2.261923998147397441e+01
2.058463278568852672e+01
7.606606185436248779e-02
8.843662142753601074e-01
2.650382733572438099e+01
2.094467454941494111e+01
5.628749132156372070e-01
3.796902000904083252e-01
2.261924002986408055e+01
2.227488792476138002e+01
4.371254146099090576e-01
1.203098669648170471e-01
2.261924002985351478e+01
2.096892871783521883e+01
1.076052784919738770e+00
3.843914568424224854e-01
2.650382862823554575e+01
2.098867954563413107e+01
5.628696084022521973e-01
3.796903491020202637e-01
2.261924001875208745e+01
2.254802899111218650e+01
7.606139034032821655e-02
-1.155749782919883728e-01
2.650382912335419050e+01
1.973801013271715732e+01
4.371252357959747314e-01
6.203051209449768066e-01
2.261924002680624923e+01
2.086081599744293058e+01
5.628752112388610840e-01
3.797403275966644287e-01
2.261923968758588188e+01
2.035072513694645480e+01
7.608816772699356079e-02
3.844288289546966553e-01
2.650382816610213510e+01
2.217014854644987309e+01
9.239203333854675293e-01
6.155736446380615234e-01
2.650382860412038255e+01
1.965231019491100639e+01
1.076053857803344727e+00
3.844267129898071289e-01
2.650382917084411716e+01
1.640583449219928625e+01
9.239221215248107910e-01
1.157557815313339233e-01
2.650381248979974202e+01
2.088520573791689827e+01
5.789982676506042480e-01
8.728075027465820312e-01
1.908687757341320790e+01
1.657634834670062318e+01
8.590294420719146729e-02
3.829959332942962646e-01
2.138888021360522629e+01
1.775204764174210936e+01
5.790065526962280273e-01
8.728179335594177246e-01
1.908687758793994860e+01
1.494562506125840784e+01
4.210381209850311279e-01
6.271883249282836914e-01
1.908687677888960366e+01
1.658578434568322280e+01
9.140903949737548828e-01
1.170344650745391846e-01
2.138888058793641989e+01
1.840485966024267483e+01
9.140969514846801758e-01
6.170155405998229980e-01
2.138888045887347999e+01
1.949882123100418596e+01
5.783517360687255859e-01
8.728069067001342773e-01
1.908670112334544555e+01
1.782604001311082698e+01
4.209928810596466064e-01
6.271834373474121094e-01
1.908687759225515634e+01
1.828119362046504648e+01
5.789982676506042480e-01
3.728094995021820068e-01
1.908687757408883812e+01
1.415513675451586550e+01
8.590388298034667969e-02
-1.169923469424247742e-01
2.138887984607317350e+01
1.568110396403283779e+01
4.209928214550018311e-01
1.271908730268478394e-01
1.908687760321062754e+01
1.656439518630632790e+01
4.209951162338256836e-01
1.271476000547409058e-01
1.908687723074724119e+01
1.665128735107018088e+01
9.139875173568725586e-01
1.170826032757759094e-01
2.138887271800961187e+01
1.889186159089160810e+01
4.209897220134735107e-01
6.271909475326538086e-01
1.908687759807824236e+01
1.625524594907415832e+01
9.140776395797729492e-01
1.170343011617660522e-01
2.138888039292450216e+01
1.577585497030016803e+01
9.140806198120117188e-01
1.117034077644348145e+00
2.138888045487682277e+01
1.443278955376815276e+01
4.209944605827331543e-01
6.271067261695861816e-01
1.908687619671122349e+01
1.476585635366144089e+01
8.590699732303619385e-02
3.829650878906250000e-01
2.138888060518120326e+01
2.005062293610847490e+01
9.140819311141967773e-01
1.117031931877136230e+00
2.138888047632370260e+01
1.381380408821251393e+01
-8.587371557950973511e-02
6.170384883880615234e-01
2.138888014703339735e+01
1.107352852747604999e+01
9.143831729888916016e-01
1.135096400976181030e-01
2.117510427166350695e+01
1.571483006052316078e+01
8.558742702007293701e-02
3.865172564983367920e-01
2.117510441943268162e+01
1.615554616410049960e+01
9.144144058227539062e-01
6.135532259941101074e-01
2.117510396201683776e+01
1.413992506830472529e+01
9.144508838653564453e-01
1.135116517543792725e-01
2.117510400921881342e+01
1.729917389780409920e+01
9.144132137298583984e-01
1.113505959510803223e+00
2.117510474167998069e+01
1.507690343605838912e+01
5.740122795104980469e-01
8.851598501205444336e-01
1.870710753357260359e+01
1.524662609076130693e+01
8.559596538543701172e-02
3.864897787570953369e-01
2.117510470479071927e+01
1.559960534928226039e+01
9.143964052200317383e-01
1.113509058952331543e+00
2.117510459905935960e+01
1.314857115989017444e+01
8.562523871660232544e-02
8.864923119544982910e-01
2.117510396617654322e+01
1.897540316694223250e+01
9.144132137298583984e-01
1.135096326470375061e-01
2.117510475009146731e+01
1.727191679818210446e+01
9.144135117530822754e-01
6.135104894638061523e-01
2.117510475037521189e+01
1.883345046983541593e+01
9.144131541252136230e-01
6.135035753250122070e-01
2.117510472999202165e+01
1.431171159379577773e+01
9.144100546836853027e-01
6.135103702545166016e-01
2.117510474469124659e+01
1.602626399698353055e+01
8.558682352304458618e-02
3.864957690238952637e-01
2.117510473369490498e+01
1.755216218892017466e+01
8.559827506542205811e-02
-1.135095059871673584e-01
2.117510467917918149e+01
1.475047475986366408e+01
5.740295648574829102e-01
3.852199316024780273e-01
1.870710814219234663e+01
1.635379382491619182e+01
9.144135713577270508e-01
6.135192513465881348e-01
2.117510471704399677e+01
1.669594291210867709e+01
8.558607101440429688e-02
3.867245614528656006e-01
2.117508093267678149e+01
1.654493851741835542e+01
4.259520471096038818e-01
1.147771552205085754e-01
1.870710783318858006e+01
1.646008885715666281e+01
9.144131541252136230e-01
6.135064363479614258e-01
2.117510474342406823e+01
1.377643905139226987e+01
4.237048625946044922e-01
6.194407343864440918e-01
1.884625007718332412e+01
1.625965681696693821e+01
9.144365787506103516e-01
6.167808771133422852e-01
2.137276295557195027e+01
1.636988449800728418e+01
4.237757623195648193e-01
6.194552183151245117e-01
1.884625198834049797e+01
1.753157178897067681e+01
4.237762093544006348e-01
6.194623708724975586e-01
1.884625197940701469e+01
1.833952372194909231e+01
8.555771410465240479e-02
3.832556903362274170e-01
2.137276240267188143e+01
1.344539946111943252e+01
4.237778484821319580e-01
6.195236444473266602e-01
1.884625106912729819e+01
1.488212365417524374e+01
-8.555556088685989380e-02
6.168048381805419922e-01
2.137276273648612346e+01
1.321233475283493064e+01
4.237594604492187500e-01
1.193020045757293701e-01
1.884624723336024488e+01
1.678638187468649789e+01
5.762380361557006836e-01
3.805648982524871826e-01
1.884625183750976163e+01
1.651765188560593600e+01
9.144303798675537109e-01
1.167800575494766235e-01
2.137276288743338526e+01
1.672857658635246025e+01
5.762352943420410156e-01
8.805046677589416504e-01
1.884625162053657377e+01
1.645325233329581849e+01
8.555707335472106934e-02
-1.167737692594528198e-01
2.137276295773603607e+01
1.256509392096682909e+01
4.237757623195648193e-01
1.119454264640808105e+00
1.884625198799245283e+01
1.455200990560925689e+01
1.085546731948852539e+00
3.832186162471771240e-01
2.137276292281435985e+01
1.592961117781023894e+01
8.560004830360412598e-02
-1.167753562331199646e-01
2.137276191578957096e+01
1.635137518440803461e+01
8.557950705289840698e-02
3.832199275493621826e-01
2.137276268932187762e+01
1.682168542687813328e+01
8.558937162160873413e-02
8.831155300140380859e-01
2.137275771534713087e+01
1.637546700804906763e+01
5.760013461112976074e-01
8.808082938194274902e-01
1.884621839795736875e+01
1.757253773922240114e+01
1.085534214973449707e+00
3.832183182239532471e-01
2.137276269172910403e+01
1.456257714994051966e+01
4.237829148769378662e-01
1.194924414157867432e-01
1.884625170498924263e+01
1.806911971954081864e+01
4.205677807331085205e-01
1.252137720584869385e-01
1.902297338421649187e+01
1.607508257530073692e+01
4.206171333789825439e-01
6.251934766769409180e-01
1.902297422506169156e+01
1.856186707214121512e+01
9.137861132621765137e-01
6.160772442817687988e-01
2.133041142056750772e+01
1.605745035834756251e+01
4.206162691116333008e-01
1.252272874116897583e-01
1.902297424456564556e+01
1.489023392143958446e+01
8.621397614479064941e-02
-1.160292848944664001e-01
2.133041040924220866e+01
1.245152532077037044e+01
4.206163585186004639e-01
1.252454966306686401e-01
1.902297406695940651e+01
1.611878816005653903e+01
8.621346950531005859e-02
3.839231133460998535e-01
2.133041142045166794e+01
1.113851077005283940e+01
9.137269854545593262e-01
1.161312386393547058e-01
2.133040822605140363e+01
1.797186958424628145e+01
5.794010758399963379e-01
3.747871220111846924e-01
1.902297417240150779e+01
1.724921993446509916e+01
8.621397614479064941e-02
3.839757740497589111e-01
2.133041018738534333e+01
1.453662149505814227e+01
8.620290458202362061e-02
3.838773965835571289e-01
2.133041050444428777e+01
1.652122183286076051e+01
8.621361106634140015e-02
3.839398026466369629e-01
2.133041128744595127e+01
1.384955616493055075e+01
5.793597102165222168e-01
8.747887611389160156e-01
1.902297407978419130e+01
1.532962289311189430e+01
5.793803334236145020e-01
8.747252821922302246e-01
1.902297350033389378e+01
1.886278319720277352e+01
5.793910622596740723e-01
3.747849166393280029e-01
1.902297426754742204e+01
1.576387196849558059e+01
1.086201429367065430e+00
8.839219808578491211e-01
2.133041134250442283e+01
1.337599658203193798e+01
8.621340990066528320e-02
3.839221894741058350e-01
2.133041142082837993e+01
2.088834939441529670e+01
9.137859344482421875e-01
6.160295009613037109e-01
2.133041041821552142e+01
1.600593612062851889e+01
5.793825984001159668e-01
8.748072385787963867e-01
1.902297421969345947e+01
1.733679245741411634e+01
9.137870669364929199e-01
1.161054447293281555e-01
2.133041109317599648e+01
2.051549882155618931e+01
8.802685886621475220e-02
3.789111673831939697e-01
2.164480242959781364e+01
1.874796459449123986e+01
8.802531659603118896e-02
3.789495527744293213e-01
2.164480180216606087e+01
1.688639568430986415e+01
4.220061004161834717e-01
1.192530691623687744e-01
1.884149812602481688e+01
1.666898182254978877e+01
5.779891014099121094e-01
8.807442188262939453e-01
1.884149823873056562e+01
1.597586273918134836e+01
8.802454918622970581e-02
3.789842724800109863e-01
2.164480015052778228e+01
1.601019682304273672e+01
9.119733572006225586e-01
6.211101412773132324e-01
2.164480223503034040e+01
1.922998711532265048e+01
8.802814781665802002e-02
8.789105415344238281e-01
2.164480242750443040e+01
1.451298703846478944e+01
9.119712710380554199e-01
1.210889220237731934e-01
2.164480242615593752e+01
1.795558086725754876e+01
9.119663834571838379e-01
1.210686638951301575e-01
2.164480222153289191e+01
1.835217408523100602e+01
9.119737148284912109e-01
6.210891604423522949e-01
2.164480242975798063e+01
1.610584646953524057e+01
8.805942535400390625e-02
8.789101839065551758e-01
2.164480177423083163e+01
1.687962184402794819e+01
8.796470612287521362e-02
3.788596689701080322e-01
2.164479897236461170e+01
1.672281518733660732e+01
9.119702577590942383e-01
1.210891753435134888e-01
2.164480242251373099e+01
1.790176725798465540e+01
8.817201107740402222e-02
3.783752620220184326e-01
2.164466866188287497e+01
1.735831025664445804e+01
8.804032206535339355e-02
8.789050579071044922e-01
2.164480229737151262e+01
1.651793097778380215e+01
9.119680523872375488e-01
1.210955530405044556e-01
2.164480239168122466e+01
1.629706377611288914e+01
8.802621811628341675e-02
8.789102435111999512e-01
2.164480242941358767e+01
2.104925408087017402e+01
5.779248476028442383e-01
8.807544112205505371e-01
1.884149822233230864e+01
1.827777404216752899e+01
9.119712114334106445e-01
1.211140304803848267e-01
2.164480215498123528e+01
1.651260761406456723e+01
4.220429360866546631e-01
6.191685199737548828e-01
1.884149716633218929e+01
1.460157299417753052e+01
9.190675616264343262e-01
6.182147264480590820e-01
2.437561319515214464e+01
1.845550046501413277e+01
9.190478324890136719e-01
6.182147264480590820e-01
2.437561289713481827e+01
2.282963331947235019e+01
4.243459701538085938e-01
1.154283955693244934e-01
2.264782341061896886e+01
1.864502676597440001e+01
4.243473410606384277e-01
1.154942288994789124e-01
2.264782199172564248e+01
1.779765678047539623e+01
4.243455529212951660e-01
1.154229938983917236e-01
2.264782340118989623e+01
2.145212584356841035e+01
8.093442767858505249e-02
8.817851543426513672e-01
2.437561319131215498e+01
2.025249191859090203e+01
8.093427121639251709e-02
3.817841112613677979e-01
2.437561319117149594e+01
1.842964091748252997e+01
9.190675616264343262e-01
6.182147264480590820e-01
2.437561319515214464e+01
1.872701390253458342e+01
5.756543278694152832e-01
3.845737278461456299e-01
2.264782340922787895e+01
1.965375763800000897e+01
9.190679192543029785e-01
6.181836128234863281e-01
2.437561274735302774e+01
2.145867428509032848e+01
4.243474006652832031e-01
6.153841614723205566e-01
2.264782276759969548e+01
2.236695456042663110e+01
5.748054385185241699e-01
3.845823705196380615e-01
2.264740486427864141e+01
1.922473703418582502e+01
4.243455529212951660e-01
6.154246926307678223e-01
2.264782340623427359e+01
1.797206786210313467e+01
8.095563203096389771e-02
8.817837238311767578e-01
2.437561278405381771e+01
1.773806179326997423e+01
4.243464171886444092e-01
6.154784560203552246e-01
2.264782259029919231e+01
1.782818615435957099e+01
4.243473410606384277e-01
6.154832243919372559e-01
2.264782242610773011e+01
1.963699473239855209e+01
8.093217015266418457e-02
3.817938864231109619e-01
2.437561316115059284e+01
2.400990130807325684e+01
9.190672039985656738e-01
1.181638464331626892e-01
2.437561199577732296e+01
2.385596195289045696e+01
4.243456721305847168e-01
6.154310107231140137e-01
2.264782340842523922e+01
1.883481718637727553e+01
4.244893193244934082e-01
1.154279708862304688e-01
2.264781145960312969e+01
2.021120988482015690e+01
8.030424267053604126e-02
3.832235634326934814e-01
2.427724226416950870e+01
1.542962727513382859e+01
5.756297111511230469e-01
8.807860016822814941e-01
2.282625958009425915e+01
1.839927102817046389e+01
4.243752062320709229e-01
1.192633211612701416e-01
2.282625872184666349e+01
1.657353105696801521e+01
8.031285554170608521e-02
3.832461237907409668e-01
2.427724244647275498e+01
1.836199866260247759e+01
9.196955561637878418e-01
6.167545914649963379e-01
2.427724249786004407e+01
1.270413441111871578e+01
8.030496537685394287e-02
3.832460045814514160e-01
2.427724249782195898e+01
1.923343385318457166e+01
9.196952581405639648e-01
6.167622804641723633e-01
2.427724246609383840e+01
2.363066588660527501e+01
9.196857810020446777e-01
1.167538613080978394e-01
2.427724242840931268e+01
1.862978512561025468e+01
5.756250619888305664e-01
3.806899487972259521e-01
2.282625643108858071e+01
1.965581436135919446e+01
9.196784496307373047e-01
1.167535334825515747e-01
2.427724228481846325e+01
1.993828963792481090e+01
1.080299973487854004e+00
8.832458853721618652e-01
2.427724248346384073e+01
1.377410855394618672e+01
9.196869730949401855e-01
6.167538166046142578e-01
2.427724244434809009e+01
1.841974766265585473e+01
4.244181513786315918e-01
6.192136406898498535e-01
2.282625840623765612e+01
1.922411451337092458e+01
9.196808338165283203e-01
6.167559623718261719e-01
2.427724233802374698e+01
2.132870709697344580e+01
8.030445873737335205e-02
8.832473158836364746e-01
2.427724249721087801e+01
2.256926208947418289e+01
8.030430972576141357e-02
3.832232654094696045e-01
2.427724225791477153e+01
2.196950088721745331e+01
8.030436933040618896e-02
3.832410275936126709e-01
2.427724248654804384e+01
1.687024510094509466e+01
4.243760406970977783e-01
1.192626133561134338e-01
2.282625874583987624e+01
1.689370043006730882e+01
4.243761301040649414e-01
1.192771196365356445e-01
2.282625819405184586e+01
1.810939708412915294e+01
8.030445873737335205e-02
8.832459449768066406e-01
2.427724249801905287e+01
1.943197613737390839e+01
5.735521912574768066e-01
3.867512047290802002e-01
2.254323401280416306e+01
1.851132544452732276e+01
4.264540076255798340e-01
1.132915019989013672e-01
2.254323354142975333e+01
1.919827187305456206e+01
7.855542749166488647e-02
3.847869634628295898e-01
2.415829863162802482e+01
2.171072352516106818e+01
7.903581857681274414e-02
3.852399587631225586e-01
2.415844323819442252e+01
1.931504392737373266e+01
4.264613986015319824e-01
6.132491230964660645e-01
2.254323419018290764e+01
1.890839260244356623e+01
4.264651834964752197e-01
1.113244533538818359e+00
2.254323418942536605e+01
1.755522368460322014e+01
7.900781929492950439e-02
8.850124478340148926e-01
2.415846816721440860e+01
2.287820139242283091e+01
9.209826588630676270e-01
6.149851083755493164e-01
2.415846809880823898e+01
1.459099501145478683e+01
9.209942817687988281e-01
6.149939894676208496e-01
2.415846815875639209e+01
1.930472864003127498e+01
5.735085010528564453e-01
3.867464661598205566e-01
2.254323379938347571e+01
2.127066147392371320e+01
4.264674186706542969e-01
1.132506877183914185e-01
2.254323419878919310e+01
1.894629205377248127e+01
7.900832593441009521e-02
3.850126564502716064e-01
2.415846816682349640e+01
2.067884762626389872e+01
7.900794595479965210e-02
3.850049078464508057e-01
2.415846815801924308e+01
2.211335321424109424e+01
5.735449790954589844e-01
8.867509365081787109e-01
2.254323413445864688e+01
1.845655685451375660e+01
5.735118985176086426e-01
8.867474198341369629e-01
2.254323389786197041e+01
1.848321840347656320e+01
9.209910035133361816e-01
6.149683594703674316e-01
2.415846795229861499e+01
1.863616497254689719e+01
4.264542758464813232e-01
6.132489442825317383e-01
2.254323412473834765e+01
1.828277880810311018e+01
4.264647364616394043e-01
1.132502332329750061e-01
2.254323420042588211e+01
1.591205963153017855e+01
7.901173084974288940e-02
-1.149584800004959106e-01
2.415846770266226784e+01
1.541773003202390946e+01
9.209853410720825195e-01
1.149907633662223816e-01
2.415846813852254371e+01
2.377474915569446168e+01
8.037117123603820801e-02
3.813036084175109863e-01
2.440824623395690907e+01
2.301276031012649881e+01
4.233975410461425781e-01
6.242103576660156250e-01
2.307519540646149991e+01
2.200092311510930543e+01
1.080370306968688965e+00
8.813035488128662109e-01
2.440824623410929917e+01
1.282036776224015640e+01
9.196292757987976074e-01
6.187304258346557617e-01
2.440824569812573941e+01
2.186832226405379132e+01
8.037056028842926025e-02
8.812946081161499023e-01
2.440824619691832353e+01
1.434025714651298244e+01
9.196293354034423828e-01
6.186879277229309082e-01
2.440824620069248141e+01
1.591127698997340545e+01
4.233969449996948242e-01
1.241466477513313293e-01
2.307519408451508625e+01
1.837826392938906395e+01
9.195769429206848145e-01
1.186957731842994690e-01
2.440824413497880485e+01
2.041832244276435304e+01
4.233821332454681396e-01
1.241989955306053162e-01
2.307519520139543800e+01
1.870723246526377892e+01
9.196293354034423828e-01
1.118696331977844238e+00
2.440824623418077977e+01
1.791535696283901302e+01
9.196171164512634277e-01
1.186966523528099060e-01
2.440824611934598209e+01
2.356736087384503620e+01
5.766026973724365234e-01
3.757811486721038818e-01
2.307519538343958843e+01
1.854161230048491760e+01
9.204793572425842285e-01
1.186986416578292847e-01
2.440769228732653673e+01
2.086384424083215450e+01
4.233755469322204590e-01
1.242104843258857727e-01
2.307519507186113827e+01
1.884766635876010810e+01
4.233974516391754150e-01
6.242104172706604004e-01
2.307519540649197509e+01
1.841098861513286877e+01
8.039155602455139160e-02
3.815566301345825195e-01
2.440821625328368683e+01
1.988721009860916666e+01
5.766026377677917480e-01
8.758394718170166016e-01
2.307519459739262757e+01
1.899802578527786778e+01
5.766302943229675293e-01
8.758334517478942871e-01
2.307519424067422875e+01
2.129268454387568354e+01
8.038112521171569824e-02
8.813036680221557617e-01
2.440824614996569153e+01
1.886454218528736604e+01
8.037731051445007324e-02
8.813036084175109863e-01
2.440824620003857959e+01
2.078506085725465979e+01
7.879474014043807983e-02
3.871910870075225830e-01
2.401703483209211498e+01
1.526995252733199671e+01
5.748178362846374512e-01
3.834975063800811768e-01
2.269621228414021985e+01
1.887386819126642123e+01
5.748191475868225098e-01
8.834992051124572754e-01
2.269621228396987789e+01
1.876672427188893622e+01
7.881205528974533081e-02
3.871942460536956787e-01
2.401703461091744174e+01
2.030600158636281094e+01
9.212062954902648926e-01
1.128232479095458984e-01
2.401703473857876148e+01
2.126179261986128566e+01
4.251819252967834473e-01
6.165024042129516602e-01
2.269621228420521319e+01
2.249070455637416188e+01
7.880371809005737305e-02
8.871920108795166016e-01
2.401703477002265430e+01
1.800747184148793778e+01
1.078767418861389160e+00
3.871892690658569336e-01
2.401703434021615635e+01
1.599522038523083012e+01
5.748300552368164062e-01
3.834628760814666748e-01
2.269621175297957905e+01
1.781378811243966709e+01
4.249478876590728760e-01
1.163693964481353760e-01
2.269617378007963637e+01
2.064826454935740685e+01
7.879364490509033203e-02
8.871837258338928223e-01
2.401703480805510793e+01
1.633975035257842023e+01
7.879567146301269531e-02
8.871909976005554199e-01
2.401703483081944057e+01
1.721482820414351522e+01
5.748150944709777832e-01
3.834988176822662354e-01
2.269621227998034740e+01
1.448943482444983744e+01
9.211794734001159668e-01
6.128070950508117676e-01
2.401703435690645350e+01
1.725965090144890723e+01
1.078765034675598145e+00
8.871892094612121582e-01
2.401703424873084458e+01
1.550681973362422283e+01
9.211937189102172852e-01
1.128076016902923584e-01
2.401703473188346294e+01
1.978970788510926582e+01
5.748178362846374512e-01
3.835041821002960205e-01
2.269621227623036219e+01
1.909345139158617144e+01
7.879412919282913208e-02
3.871922194957733154e-01
2.401703483150522445e+01
2.333580593255976154e+01
7.879483699798583984e-02
8.872042894363403320e-01
2.401703474888612533e+01
2.301497191420512678e+01
5.748162865638732910e-01
8.834916949272155762e-01
2.269621226603941011e+01
2.128496423543894522e+01
9.228776693344116211e-01
6.145021319389343262e-01
2.584645171072278913e+01
2.327625982818457118e+01
4.203934967517852783e-01
6.197740435600280762e-01
2.487845398576450151e+01
1.980770498484960740e+01
5.796065330505371094e-01
8.802610039710998535e-01
2.487845450910344880e+01
2.155736394298386571e+01
1.077112555503845215e+00
3.854782879352569580e-01
2.584645192776840261e+01
1.362555431422964602e+01
7.711508870124816895e-02
3.854788839817047119e-01
2.584645193246561945e+01
1.364839245187056349e+01
9.228847026824951172e-01
1.145175620913505554e-01
2.584645192456790852e+01
2.432406014678768713e+01
5.796102881431579590e-01
8.802636265754699707e-01
2.487845450308225637e+01
2.291985997730401792e+01
5.794072151184082031e-01
8.802637457847595215e-01
2.487842992207276183e+01
2.209017643630738448e+01
5.796064138412475586e-01
8.802405595779418945e-01
2.487845431433205334e+01
1.730189186055253714e+01
9.228846430778503418e-01
1.114521384239196777e+00
2.584645193249509632e+01
1.728589772943292147e+01
1.077098131179809570e+00
3.854775428771972656e-01
2.584645171191318980e+01
1.849333659145775144e+01
-7.711419463157653809e-02
6.145216226577758789e-01
2.584645193201554747e+01
1.936811144239158722e+01
5.796051025390625000e-01
8.802635669708251953e-01
2.487845451038657529e+01
1.588986549192091857e+01
5.795943737030029297e-01
3.802635967731475830e-01
2.487845441995069251e+01
2.028315428517630536e+01
9.228829145431518555e-01
6.145215034484863281e-01
2.584645192942188530e+01
1.891735035635240081e+01
4.203565120697021484e-01
6.197361946105957031e-01
2.487845366867348673e+01
2.084825837629363576e+01
4.202082753181457520e-01
6.197370886802673340e-01
2.487843333590703310e+01
2.033709319292874440e+01
5.796100497245788574e-01
3.802768588066101074e-01
2.487845443964359760e+01
2.096671703160722089e+01
-7.711572200059890747e-02
1.145048961043357849e-01
2.584645179661022496e+01
1.484531471636960731e+01
5.796140432357788086e-01
3.802637159824371338e-01
2.487845447703814372e+01
2.057951221881284809e+01
7.648326456546783447e-02
8.850185871124267578e-01
2.587783797785633055e+01
2.019463875251450702e+01
7.647609710693359375e-02
3.849953114986419678e-01
2.587783819346614678e+01
2.415942559891194463e+01
4.209323823451995850e-01
6.189259290695190430e-01
2.483099355548672449e+01
2.125899006862697149e+01
4.209181666374206543e-01
1.188759282231330872e-01
2.483099435643611486e+01
2.046621672015011839e+01
4.209319055080413818e-01
6.188760399818420410e-01
2.483099447205987786e+01
2.419918947269614762e+01
4.209322333335876465e-01
1.118876099586486816e+00
2.483099447200009990e+01
1.974024399455611345e+01
5.790914893150329590e-01
8.811246156692504883e-01
2.483099413680101364e+01
2.098660649711520776e+01
5.790740251541137695e-01
8.811238408088684082e-01
2.483099445050430631e+01
2.138916547105555210e+01
7.648525387048721313e-02
3.849954903125762939e-01
2.587783823348729229e+01
2.438743650163240417e+01
9.235162734985351562e-01
6.150016188621520996e-01
2.587783823224682322e+01
1.797237285814533436e+01
4.209324419498443604e-01
6.189260482788085938e-01
2.483099355108623030e+01
2.112260120958255882e+01
4.209324419498443604e-01
1.189049258828163147e-01
2.483099416603147347e+01
1.690052748400359661e+01
-7.648335397243499756e-02
1.149891987442970276e-01
2.587783812289652730e+01
1.509399382713072768e+01
4.209322035312652588e-01
1.188100799918174744e-01
2.483099285310694881e+01
2.064752660168572618e+01
4.209317564964294434e-01
6.188698410987854004e-01
2.483099445716515419e+01
2.039322170100108877e+01
4.209317564964294434e-01
6.188619136810302734e-01
2.483099439665115682e+01
1.937798599217944684e+01
7.644480466842651367e-02
3.849616646766662598e-01
2.587783653439034381e+01
2.521358643071277328e+01
5.790696740150451660e-01
3.811238706111907959e-01
2.483099447053291442e+01
2.052978628522821225e+01
9.235163927078247070e-01
6.150044798851013184e-01
2.587783823623260560e+01
2.424797933520209625e+01
9.235169887542724609e-01
1.150187253952026367e-01
2.587783813785136999e+01
1.772294502508690073e+01
4.222954213619232178e-01
6.134438514709472656e-01
2.454130966994690866e+01
2.086202054543923268e+01
5.777038335800170898e-01
3.865437507629394531e-01
2.454130963411716593e+01
1.679530057256263831e+01
7.632558047771453857e-02
8.850029110908508301e-01
2.587686858941405177e+01
1.833103901593059959e+01
7.632724940776824951e-02
8.850027322769165039e-01
2.587686858548547519e+01
1.638673255801040796e+01
7.632800191640853882e-02
3.850031197071075439e-01
2.587686858225875142e+01
1.796661461886186828e+01
4.222903549671173096e-01
6.134458780288696289e-01
2.454130965650153229e+01
2.011232476623625942e+01
1.076322913169860840e+00
3.850027322769165039e-01
2.587686858621315267e+01
1.729358845999611560e+01
7.632456719875335693e-02
8.849910497665405273e-01
2.587686852205198562e+01
2.377747982227550239e+01
5.777081847190856934e-01
3.865544199943542480e-01
2.454130966384472501e+01
2.125029237302993224e+01
5.777015089988708496e-01
3.865536749362945557e-01
2.454130966728681074e+01
1.874641684420000587e+01
1.076326370239257812e+00
8.850211501121520996e-01
2.587686842692075118e+01
1.510131406907965257e+01
5.776539444923400879e-01
8.865344524383544922e-01
2.454130813692250257e+01
2.008940249000112033e+01
5.777115821838378906e-01
3.865530192852020264e-01
2.454130964248692237e+01
2.067784603167313762e+01
5.777068734169006348e-01
3.865540921688079834e-01
2.454130966850953754e+01
2.041108387365815702e+01
5.776770114898681641e-01
3.865407407283782959e-01
2.454130919970037183e+01
1.941613724648049910e+01
9.236748814582824707e-01
6.149978637695312500e-01
2.587686858943087742e+01
1.951114125199679350e+01
4.222879409790039062e-01
1.134457588195800781e-01
2.454130963901414475e+01
1.993880800839448142e+01
5.777043104171752930e-01
3.865536749362945557e-01
2.454130967194960888e+01
1.999389656666321002e+01
4.222977757453918457e-01
6.134886145591735840e-01
2.454130900069288046e+01
2.383812711550378793e+01
4.222558140754699707e-01
6.134437322616577148e-01
2.454130878378997949e+01
1.983580633147848360e+01
7.762402296066284180e-02
3.858528733253479004e-01
2.582179664684647236e+01
2.265375583892475930e+01
9.223071932792663574e-01
6.141741871833801270e-01
2.582179986887102885e+01
1.514229147405757203e+01
9.223041534423828125e-01
1.141472309827804565e-01
2.582180021812424542e+01
2.558813073434907892e+01
4.196363985538482666e-01
1.191416531801223755e-01
2.484544198279705896e+01
2.088037390543525618e+01
5.803154706954956055e-01
8.808681964874267578e-01
2.484544337028135175e+01
1.959624351743167736e+01
5.803149342536926270e-01
3.808514773845672607e-01
2.484544336619638116e+01
1.900224330292370922e+01
4.197261333465576172e-01
1.191387325525283813e-01
2.484544239030740798e+01
2.080680918563196258e+01
7.767979055643081665e-02
8.858509659767150879e-01
2.582180009065211124e+01
2.104582044820498155e+01
1.077688217163085938e+00
3.858527541160583496e-01
2.582180020651092889e+01
1.729535212770882069e+01
1.077692389488220215e+00
8.858420252799987793e-01
2.582180016690917412e+01
1.530276727195930064e+01
5.803154706954956055e-01
8.808600902557373047e-01
2.484544339409460179e+01
1.993424919208650437e+01
5.803177356719970703e-01
3.808600902557373047e-01
2.484544338955502596e+01
2.090427172111992959e+01
5.803163647651672363e-01
8.808500766754150391e-01
2.484544335534706860e+01
2.149094263316743181e+01
4.196821451187133789e-01
1.191398873925209045e-01
2.484544338914751194e+01
2.048183690984524219e+01
4.196477830410003662e-01
1.191563755273818970e-01
2.484544247096552283e+01
1.947787455828925474e+01
5.803608894348144531e-01
3.808582723140716553e-01
2.484544213551267333e+01
2.050601859568082475e+01
5.803675055503845215e-01
-1.191398352384567261e-01
2.484544174770659808e+01
1.921809147565722853e+01
7.769289612770080566e-02
8.858433365821838379e-01
2.582180018011543510e+01
2.284930503961230386e+01
5.803154706954956055e-01
3.808650374412536621e-01
2.484544338534950114e+01
2.202987583959249207e+01
4.197074472904205322e-01
6.191363930702209473e-01
2.484544309275590379e+01
1.664900133645544500e+01
4.199218750000000000e-01
1.164872869849205017e-01
2.470255176398189789e+01
2.063287334122327366e+01
4.199225604534149170e-01
1.116448879241943359e+00
2.470255121632085249e+01
1.986012397648294936e+01
4.199219644069671631e-01
6.164872646331787109e-01
2.470255176402030273e+01
2.034198953426326284e+01
9.226657152175903320e-01
1.159077808260917664e-01
2.594173041544206271e+01
2.222676017599678744e+01
7.779474556446075439e-02
3.840917050838470459e-01
2.594188651271304735e+01
1.686892217093750546e+01
7.778030633926391602e-02
8.840847015380859375e-01
2.594188665167436625e+01
2.202060438812729615e+01
9.221963882446289062e-01
1.159078404307365417e-01
2.594188625029690698e+01
2.015671122526891779e+01
5.800551176071166992e-01
8.834764361381530762e-01
2.470255098780233993e+01
1.980851303963001087e+01
5.800938010215759277e-01
3.835125565528869629e-01
2.470255162053609865e+01
1.968778172432203277e+01
5.800777673721313477e-01
8.835124969482421875e-01
2.470255176406455888e+01
2.096871255918309984e+01
9.222234487533569336e-01
1.159265711903572083e-01
2.594188650145059682e+01
2.175984133497450301e+01
7.778031378984451294e-02
8.840702176094055176e-01
2.594188644955502099e+01
2.013590480887878442e+01
7.771418243646621704e-02
8.840911388397216797e-01
2.594188324961760372e+01
2.103518808873409540e+01
9.227595329284667969e-01
6.159129142761230469e-01
2.594165767005946677e+01
2.094910504288469966e+01
9.222197532653808594e-01
1.159197464585304260e-01
2.594188661125620854e+01
2.027973380434854533e+01
7.778027653694152832e-02
8.841050863265991211e-01
2.594188659142744768e+01
2.093047207681724942e+01
-7.776134461164474487e-02
6.159083843231201172e-01
2.594188639497640025e+01
1.795073973195203365e+01
4.199219644069671631e-01
1.164987534284591675e-01
2.470255171514335046e+01
2.028904756371050766e+01
7.778283208608627319e-02
8.840918540954589844e-01
2.594188667138417159e+01
2.352493200132028761e+01
9.222199320793151855e-01
6.159520745277404785e-01
2.594188574093485755e+01
1.817462363134414005e+01
9.243229627609252930e-01
1.130500808358192444e-01
2.688402327915324719e+01
2.021818325194036703e+01
5.756772160530090332e-01
3.869807720184326172e-01
2.688402375622640861e+01
1.953051323935390116e+01
5.756772160530090332e-01
8.869684934616088867e-01
2.688402368042638457e+01
1.455392340027079534e+01
4.243090152740478516e-01
6.126035451889038086e-01
2.688393730438290063e+01
2.132589918605960122e+01
-7.567644864320755005e-02
6.130177378654479980e-01
2.688402375437058112e+01
1.994725423058132563e+01
9.243220090866088867e-01
6.130123734474182129e-01
2.688402373287859604e+01
2.098313450236887689e+01
9.243209958076477051e-01
6.129870414733886719e-01
2.688402323832272245e+01
2.119117176712819273e+01
7.568003982305526733e-02
-1.130191162228584290e-01
2.688402375106306863e+01
1.941748811351468973e+01
1.075630545616149902e+00
3.869794607162475586e-01
2.688402201501801869e+01
1.469400638533684500e+01
4.242732226848602295e-01
6.130182147026062012e-01
2.688402183498545384e+01
2.132304044791959541e+01
9.243050217628479004e-01
6.130189895629882812e-01
2.688402351401582280e+01
2.104616174127955830e+01
-7.566706836223602295e-02
1.130193769931793213e-01
2.688402367072474419e+01
1.710847287930350902e+01
9.243224859237670898e-01
1.113018393516540527e+00
2.688402375595946125e+01
1.599185588130291436e+01
4.243226945400238037e-01
1.113018989562988281e+00
2.688402375623583751e+01
1.925091174314249542e+01
5.756772160530090332e-01
3.869623839855194092e-01
2.688402358652663438e+01
1.685486148001843532e+01
5.756843686103820801e-01
8.869809508323669434e-01
2.688402371867375962e+01
2.125735695429551697e+01
4.241993427276611328e-01
1.127796098589897156e-01
2.688398354319170025e+01
2.089050352049311954e+01
9.243128895759582520e-01
6.130192279815673828e-01
2.688402368281618493e+01
2.224178947027525055e+01
4.243224859237670898e-01
1.113018393516540527e+00
2.688402375595946481e+01
1.766416780825417021e+01
7.567694038152694702e-02
8.869467377662658691e-01
2.688402317580005274e+01
1.882899532622562333e+01
5.750513672828674316e-01
3.881610035896301270e-01
2.680096533104758549e+01
1.432446056860941930e+01
5.750320553779602051e-01
3.881860077381134033e-01
2.680096538050921851e+01
1.723451064699257529e+01
5.750524997711181641e-01
8.882064223289489746e-01
2.680096546912715638e+01
2.266936308239195697e+01
5.750511288642883301e-01
8.881933093070983887e-01
2.680096564218022692e+01
2.102012289978468473e+01
9.249442219734191895e-01
6.117877364158630371e-01
2.680096532412107990e+01
2.543044768078345541e+01
9.249448776245117188e-01
6.118130087852478027e-01
2.680096565076546966e+01
2.042475878865996819e+01
9.249486923217773438e-01
6.118076443672180176e-01
2.680096564797950265e+01
1.455033186012530244e+01
-7.504002749919891357e-02
1.118138208985328674e-01
2.680096556826575238e+01
1.696654843092267839e+01
7.505147904157638550e-02
8.881963491439819336e-01
2.680096561755557971e+01
2.228495521920580202e+01
7.504116743803024292e-02
8.881862759590148926e-01
2.680096558697913878e+01
2.322134918877639009e+01
4.249492287635803223e-01
1.118132323026657104e-01
2.680096566364966293e+01
2.416197990770183068e+01
9.249238967895507812e-01
6.118121743202209473e-01
2.680096517196800576e+01
2.162734599741638419e+01
7.505098730325698853e-02
3.881846070289611816e-01
2.680096566140830561e+01
2.168512934877010778e+01
9.249511361122131348e-01
6.118642687797546387e-01
2.680096435893563012e+01
1.447320889083286310e+01
7.507338374853134155e-02
3.881806135177612305e-01
2.680096524916861611e+01
2.190410978019624011e+01
1.075049996376037598e+00
3.881866931915283203e-01
2.680096566282894344e+01
1.931802471074678351e+01
9.249487519264221191e-01
6.118134856224060059e-01
2.680096566365700284e+01
2.210635399544634083e+01
9.249485731124877930e-01
6.118134856224060059e-01
2.680096566357747889e+01
2.201649730033703989e+01
4.249481558799743652e-01
1.117967441678047180e-01
2.680096552716174330e+01
1.840910886834396720e+01
5.750511288642883301e-01
8.881911039352416992e-01
2.680096565423216859e+01
2.188668875955184134e+01
4.243967533111572266e-01
6.153382658958435059e-01
2.704563589293541170e+01
2.186511979344180290e+01
5.756024718284606934e-01
8.846891522407531738e-01
2.704563513588029622e+01
2.526780626045592015e+01
4.243960976600646973e-01
6.153501272201538086e-01
2.704563598738150532e+01
2.165271965362920170e+01
4.243971109390258789e-01
6.153535246849060059e-01
2.704563598959966342e+01
1.976985033684057669e+01
5.756029486656188965e-01
3.846358358860015869e-01
2.704563591974306291e+01
2.336427218465325950e+01
4.243875741958618164e-01
1.153520569205284119e-01
2.704563591406908074e+01
2.120944991824577741e+01
4.243970215320587158e-01
6.153659224510192871e-01
2.704563589733022866e+01
2.255666554561955195e+01
7.560318708419799805e-02
3.846666514873504639e-01
2.704563581240362424e+01
2.180656852693068615e+01
9.243936538696289062e-01
1.115346550941467285e+00
2.704563596466685738e+01
2.038184514108078105e+01
5.756029486656188965e-01
3.846486210823059082e-01
2.704563599002233332e+01
2.077860833171660104e+01
7.570187002420425415e-02
8.851772546768188477e-01
2.704548902251393372e+01
2.175026883212329665e+01
4.243857860565185547e-01
1.115351796150207520e+00
2.704563588260229423e+01
2.084608363285862964e+01
7.561223953962326050e-02
3.846488893032073975e-01
2.704563591656553001e+01
2.642604362644131655e+01
7.560291141271591187e-02
3.846526741981506348e-01
2.704563597830426147e+01
2.073992735619041383e+01
1.075590491294860840e+00
8.846475481986999512e-01
2.704563585965157912e+01
1.607315810925771871e+01
4.243947267532348633e-01
1.153521835803985596e-01
2.704563598574016225e+01
2.364925610302404380e+01
7.560353726148605347e-02
-1.153189837932586670e-01
2.704563543910488121e+01
1.825621604684743460e+01
9.243971109390258789e-01
6.153556108474731445e-01
2.704563598479275299e+01
2.054711223686876664e+01
7.560291141271591187e-02
3.846534192562103271e-01
2.704563597436956712e+01
2.195585793161269805e+01
5.756029486656188965e-01
8.846337795257568359e-01
2.704563589323737816e+01
2.334613122896853454e+01
4.249256253242492676e-01
1.110264420509338379e+00
2.669731184718310857e+01
1.966020902987978403e+01
4.248963892459869385e-01
6.102638244628906250e-01
2.669731055770636630e+01
2.129797178996056672e+01
7.505984604358673096e-02
3.897390365600585938e-01
2.669731200012219219e+01
2.366463392690535272e+01
9.249404072761535645e-01
1.102661341428756714e-01
2.669731201108043805e+01
1.976744395607622806e+01
7.505957782268524170e-02
8.897336721420288086e-01
2.669731201096807283e+01
1.760445058031665866e+01
7.510939985513687134e-02
3.894931972026824951e-01
2.669728049749370768e+01
2.150383796588943852e+01
5.750598311424255371e-01
8.897343277931213379e-01
2.669731201115762076e+01
2.116863983713536967e+01
5.750564932823181152e-01
3.897297978401184082e-01
2.669731199399185329e+01
1.483779171838604682e+01
4.249405562877655029e-01
6.102656722068786621e-01
2.669731201117622277e+01
2.131629870018890216e+01
9.249407649040222168e-01
6.102718710899353027e-01
2.669731199173330793e+01
2.150495392612796408e+01
5.750593543052673340e-01
8.897277116775512695e-01
2.669731198907100733e+01
1.608684729070932917e+01
1.075021862983703613e+00
8.897317051887512207e-01
2.669731094059356025e+01
2.129452569088335778e+01
7.488314807415008545e-02
8.892552852630615234e-01
2.669717605804221350e+01
2.496621224458002786e+01
4.249312877655029297e-01
6.102653145790100098e-01
2.669731194894260540e+01
2.180735690201392529e+01
4.249330163002014160e-01
1.102653145790100098e-01
2.669731197032865921e+01
2.279431198769359668e+01
9.249407052993774414e-01
1.102802678942680359e-01
2.669731190386963959e+01
2.302148542404681208e+01
7.505962997674942017e-02
3.897404968738555908e-01
2.669731199216859352e+01
2.217860759753376243e+01
4.249399900436401367e-01
1.102656722068786621e-01
2.669731201107295959e+01
2.036658041297348376e+01
5.750849246978759766e-01
3.897362351417541504e-01
2.669731152945405483e+01
2.011479538817335921e+01
4.249342679977416992e-01
1.102698892354965210e-01
2.669731197310952098e+01
2.139455954930750536e+01
7.582377642393112183e-02
8.844180703163146973e-01
2.706187872264263561e+01
2.285241400685338320e+01
5.758062005043029785e-01
3.844197690486907959e-01
2.706187846185377310e+01
2.315564119702349899e+01
1.075818300247192383e+00
3.844116032123565674e-01
2.706187866327742952e+01
1.708552257121961659e+01
5.758236050605773926e-01
8.844018578529357910e-01
2.706187855808853726e+01
2.149185832184455691e+01
4.241762161254882812e-01
1.155806407332420349e-01
2.706187872449290666e+01
1.565040875607699533e+01
5.758354663848876953e-01
3.844169974327087402e-01
2.706187860395241529e+01
1.853672056501877563e+01
-7.582396268844604492e-02
1.155669167637825012e-01
2.706187864160293799e+01
1.704811773264191999e+01
5.758404135704040527e-01
8.843560814857482910e-01
2.706187643284004452e+01
2.407199652711702598e+01
5.758240818977355957e-01
3.844202458858489990e-01
2.706187872473991618e+01
2.070604241832739234e+01
7.582426816225051880e-02
3.844709098339080811e-01
2.706187744222741287e+01
2.360272610375944780e+01
7.582312822341918945e-02
8.844200968742370605e-01
2.706187872442128040e+01
2.336474958608376085e+01
5.758286118507385254e-01
8.844305872917175293e-01
2.706187865164446293e+01
2.236216312729945699e+01
4.241762161254882812e-01
6.155798435211181641e-01
2.706187872480908396e+01
2.640297616241582901e+01
5.758242607116699219e-01
3.844202756881713867e-01
2.706187872462555788e+01
1.714288348478724799e+01
5.758540034294128418e-01
8.844246864318847656e-01
2.706187794248556244e+01
2.309691104342487833e+01
9.241798520088195801e-01
1.155799478292465210e-01
2.706187871346966745e+01
2.480986733893082885e+01
9.241756200790405273e-01
1.155798286199569702e-01
2.706187872452737153e+01
2.034921301289055862e+01
9.241761565208435059e-01
6.155802011489868164e-01
2.706187872474422207e+01
2.430865912127078232e+01
9.241758584976196289e-01
6.155797839164733887e-01
2.706187872471089406e+01
2.246427768463034624e+01
5.758236646652221680e-01
8.844090700149536133e-01
2.706187866361026195e+01
1.853752975035938633e+01
