2.500310540199279785e-01
8.750000000000000000e-01
9.999999562536853182e-01
4.701090358022548266e-01
7.499614953994750977e-01
1.249999701976776123e-01
9.999999511387074325e-01
4.419763163926035965e-01
7.499412894248962402e-01
6.250000000000000000e-01
9.999999317516099495e-01
9.743758652161627065e-01
7.499932050704956055e-01
1.249999925494194031e-01
9.999999653157667368e-01
4.857148554155357734e-01
2.500169277191162109e-01
8.750000596046447754e-01
9.999999629432065884e-01
8.802555349495485570e-01
2.500000000000000000e-01
3.750179409980773926e-01
9.999999530641701107e-01
7.741265922355839990e-01
7.499587535858154297e-01
6.249989867210388184e-01
9.999999489400973607e-01
4.045478880180430892e-02
7.499952316284179688e-01
6.249996423721313477e-01
9.999999655420004352e-01
4.167576577277598560e-02
2.499870061874389648e-01
8.749888539314270020e-01
9.999999592004885640e-01
6.856351679741495841e-01
1.249957799911499023e+00
8.749999403953552246e-01
9.999999481950599955e-01
4.128879257886449716e-01
2.499468326568603516e-01
-1.249977126717567444e-01
9.999999376658491590e-01
3.206404216207983104e-01
7.499976158142089844e-01
1.249999925494194031e-01
9.999999657153546551e-01
3.067392965359519441e-01
7.499610781669616699e-01
1.249999925494194031e-01
9.999999508199044485e-01
5.621944741439104387e-01
7.499794363975524902e-01
1.124999880790710449e+00
9.999999615974197731e-01
4.625199892487221742e-01
7.500000000000000000e-01
1.250043064355850220e-01
9.999999650393165407e-01
8.604426879079707380e-02
7.499966621398925781e-01
6.250001788139343262e-01
9.999999656602363007e-01
2.829091892016458720e-01
7.500196695327758789e-01
1.249999925494194031e-01
9.999999619530005601e-01
6.478416350976571314e-01
2.499610930681228638e-01
3.749999403953552246e-01
9.999999508312125140e-01
1.040118130378245298e-01
2.499993443489074707e-01
3.749999403953552246e-01
9.999999657670757269e-01
3.570905106592421330e-01
2.500000596046447754e-01
3.749975562095642090e-01
9.999999655356542894e-01
3.575935183367326409e-01
8.332921266555786133e-01
1.250003874301910400e-01
1.649518942596697402e+00
9.364943594300650931e-01
5.018822550773620605e-01
7.615692615509033203e-01
9.999999400920669412e-01
9.943703830039052338e-01
1.668242365121841431e-01
3.740507960319519043e-01
1.649472143966326021e+00
9.997381127687263724e-01
8.332874178886413574e-01
6.258062720298767090e-01
1.649485593972505715e+00
1.025594705861089251e+00
5.001870393753051758e-01
9.849130511283874512e-01
9.999999999235311687e-01
9.999996994944154727e-01
8.324244618415832520e-01
1.250319629907608032e-01
1.649497775709413139e+00
1.120227991743888873e+00
8.333145380020141602e-01
6.250000000000000000e-01
1.649518977083865634e+00
1.020456364038089259e+00
8.332076668739318848e-01
6.248826384544372559e-01
1.649517874892946434e+00
1.022993049202393978e+00
1.667043715715408325e-01
-1.249997392296791077e-01
1.649518949686060276e+00
7.642278556714923177e-01
8.333328366279602051e-01
1.124999880790710449e+00
1.649518986135006138e+00
8.602253424384946889e-01
1.166643261909484863e+00
8.750000000000000000e-01
1.649518972095430858e+00
7.480971186373652770e-01
1.666353344917297363e-01
-1.249999850988388062e-01
1.649518960968229697e+00
6.022528039624588381e-01
8.332856893539428711e-01
1.249999925494194031e-01
1.649518927939428004e+00
1.002315455121617571e+00
-1.666248738765716553e-01
1.249999776482582092e-01
1.649518941352531076e+00
8.303894530755717707e-01
8.332945108413696289e-01
1.249999925494194031e-01
1.649518947496640298e+00
1.178004291392073188e+00
1.667042523622512817e-01
8.750000596046447754e-01
1.649518949919495325e+00
1.276878987620503114e+00
8.332824110984802246e-01
6.250000000000000000e-01
1.649518919654600735e+00
8.852630425555082505e-01
8.329476118087768555e-01
1.243582516908645630e-01
1.649494052290091162e+00
1.045465560760100221e+00
1.666684150695800781e-01
3.750000000000000000e-01
1.649518986063676307e+00
1.581960812812405193e+00
1.666666716337203979e-01
8.750050663948059082e-01
1.649518984825685486e+00
1.067330240734447822e+00
5.979743599891662598e-01
-9.791604429483413696e-02
1.999999856642757923e+00
6.155721543110983518e-01
5.979390144348144531e-01
9.020072221755981445e-01
1.999999873840535791e+00
1.727035959599628301e+00
-9.793283045291900635e-02
5.979655385017395020e-01
1.999999914536491952e+00
1.253706862072309303e+00
5.979526042938232422e-01
4.020732939243316650e-01
1.999999885644975883e+00
1.853176310089359902e+00
5.979687571525573730e-01
-9.792807698249816895e-02
1.999999901087485377e+00
1.260147153391751873e+00
9.797409921884536743e-02
4.020513594150543213e-01
1.999999928098676438e+00
1.726372951577276549e+00
5.979569554328918457e-01
4.020435810089111328e-01
1.999999944421776199e+00
1.484976065291209180e+00
4.020556211471557617e-01
9.798069298267364502e-02
1.999999912905570554e+00
1.800021538303767432e+00
9.795694798231124878e-02
4.020435810089111328e-01
1.999999944421988474e+00
6.445836239502440446e-01
9.020308852195739746e-01
5.979449152946472168e-01
1.999999932845852424e+00
5.848346754338632492e-01
9.020165801048278809e-01
5.979402661323547363e-01
1.999999903391947553e+00
8.389751923240880149e-01
5.979756116867065430e-01
9.020551443099975586e-01
1.999999923714816275e+00
7.530435742233465568e-01
5.979999899864196777e-01
9.020777940750122070e-01
1.999999821862124882e+00
3.724796524120050911e-01
9.020416140556335449e-01
5.979548096656799316e-01
1.999999944175123501e+00
1.675350869707524781e+00
9.794295579195022583e-02
9.020162224769592285e-01
1.999999904386410066e+00
1.434181739714114112e+00
5.979708433151245117e-01
4.020804464817047119e-01
1.999999871831551479e+00
1.143147007273282112e+00
5.979582071304321289e-01
9.020444750785827637e-01
1.999999944277619957e+00
3.023368106405661671e-01
9.020274281501770020e-01
1.097928285598754883e+00
1.999999899623525312e+00
9.151883162246799985e-01
1.097952723503112793e+00
9.020397663116455078e-01
1.999999943310476258e+00
1.452249976037192081e-01
9.021395444869995117e-01
9.774907678365707397e-02
1.999996059401801141e+00
1.530848698374993155e+00
8.479565978050231934e-01
6.250000000000000000e-01
2.316496455324744019e+00
2.277342193642829304e+00
-1.520408838987350464e-01
1.249999925494194031e-01
2.316496455176316527e+00
1.344993671912219968e+00
3.479566276073455811e-01
3.749999403953552246e-01
2.316496455324551285e+00
2.125269111679006784e+00
3.479566276073455811e-01
8.750038743019104004e-01
2.316496454357102497e+00
1.591485450717053496e+00
3.480773866176605225e-01
-1.249986514449119568e-01
2.316496102408303948e+00
1.311898194741210499e+00
1.520433574914932251e-01
3.750143349170684814e-01
2.316496442077268902e+00
1.419373396734541437e+00
1.520433574914932251e-01
-1.249988004565238953e-01
2.316496455232019969e+00
1.192097748276548685e+00
1.520433425903320312e-01
8.749993443489074707e-01
2.316496455297060386e+00
6.891323403788363056e-01
6.520432233810424805e-01
1.250310242176055908e-01
2.316496393273758336e+00
9.301097421105525287e-01
6.520434021949768066e-01
1.249999925494194031e-01
2.316496455324740467e+00
1.715315988994972729e+00
6.520250439643859863e-01
6.250000000000000000e-01
2.316496447211592979e+00
2.200547271162026419e+00
8.479565978050231934e-01
6.249700188636779785e-01
2.316496397376509364e+00
1.886139812366418811e+00
1.520029753446578979e-01
3.749999105930328369e-01
2.316496415880284321e+00
1.485366622270803960e+00
3.479568958282470703e-01
3.750000000000000000e-01
2.316496455323176384e+00
1.879104840188588810e+00
1.520431041717529297e-01
8.749999403953552246e-01
2.316496455322947234e+00
2.243546157925383255e+00
8.486937880516052246e-01
1.249467730522155762e-01
2.316483064346932519e+00
1.648099549724987734e+00
6.520274281501770020e-01
6.249994635581970215e-01
2.316496449167655847e+00
2.315263064656274405e+00
-1.520428955554962158e-01
6.250000000000000000e-01
2.316496455319523307e+00
1.246895958795832815e+00
8.479568958282470703e-01
1.249999925494194031e-01
2.316496455323172832e+00
2.091928550363971073e+00
3.479568660259246826e-01
3.750000000000000000e-01
2.316496455323526327e+00
2.179051029596032585e+00
6.194837689399719238e-01
8.131659030914306641e-01
2.130525195084134182e+00
2.001834397621930162e+00
8.960867524147033691e-01
1.048278734087944031e-01
2.713495281675303517e+00
9.796494189099895777e-01
1.039083525538444519e-01
8.951570987701416016e-01
2.713495263901358090e+00
1.491161886021781680e+00
6.194893717765808105e-01
3.131809830665588379e-01
2.130525198086845151e+00
2.028026813804064243e+00
6.194938421249389648e-01
8.131871223449707031e-01
2.130525198321911784e+00
1.887332865363462675e+00
3.805099725723266602e-01
6.868197917938232422e-01
2.130525198168609524e+00
2.000674617277285350e+00
3.805124759674072266e-01
6.867562532424926758e-01
2.130525173918433435e+00
1.955839851773709004e+00
1.039542704820632935e-01
-1.048110201954841614e-01
2.713495174108240704e+00
1.626301194694761199e+00
8.960860371589660645e-01
6.048272848129272461e-01
2.713495281709759510e+00
2.674232156389505288e+00
8.960911035537719727e-01
6.048301458358764648e-01
2.713495279968376472e+00
9.692667130911876150e-01
1.039243489503860474e-01
8.951811790466308594e-01
2.713495271779780893e+00
1.780098420341831522e+00
6.194876432418823242e-01
3.132023513317108154e-01
2.130525194980533943e+00
2.112498213928543755e+00
3.803015649318695068e-01
1.868011206388473511e-01
2.130523800134564105e+00
2.013359814743468146e+00
3.808514475822448730e-01
6.891036033630371094e-01
2.130495988030395083e+00
9.204996854106874959e-01
3.798374533653259277e-01
1.186706662178039551e+00
2.130510641296402774e+00
1.989394462587950940e+00
8.960874080657958984e-01
1.048305183649063110e-01
2.713495280917026520e+00
1.441288821962235289e+00
8.960864543914794922e-01
1.048272326588630676e-01
2.713495281712873464e+00
2.222436565968024080e+00
1.103912472724914551e+00
8.951721787452697754e-01
2.713495281606616683e+00
1.844686799441590308e+00
3.805149793624877930e-01
6.868283748626708984e-01
2.130525196313788783e+00
2.088911559252256911e+00
6.194773316383361816e-01
8.131681680679321289e-01
2.130525191124328366e+00
2.000784686725625150e+00
-1.249984502792358398e-01
6.250000000000000000e-01
2.999999843864139315e+00
1.694970410369489588e+00
6.250000000000000000e-01
3.749705553054809570e-01
2.999999775598987561e+00
2.010565311202447081e+00
8.749770522117614746e-01
1.249961480498313904e-01
2.999999801303500746e+00
1.953012919263871883e+00
8.748351931571960449e-01
6.252464652061462402e-01
2.999992903259125931e+00
2.423382500031069142e+00
3.750000298023223877e-01
6.249989867210388184e-01
2.999999843972627644e+00
1.849094828690015735e+00
1.250000149011611938e-01
3.749533593654632568e-01
2.999999672295123432e+00
1.069289127335030898e+00
1.250016689300537109e-01
8.744375705718994141e-01
2.999974867773830489e+00
2.020018777004107591e+00
6.250019073486328125e-01
3.750000000000000000e-01
2.999999843766521401e+00
2.018609790560662365e+00
3.750000000000000000e-01
6.250148415565490723e-01
2.999999826661802871e+00
1.502090974171016002e+00
8.749999403953552246e-01
1.124962210655212402e+00
2.999999731300413419e+00
1.207985156147064032e+00
6.250000000000000000e-01
3.750183880329132080e-01
2.999999817356903353e+00
1.902645619428367407e+00
1.250153481960296631e-01
8.750000000000000000e-01
2.999999825454133351e+00
1.719396323295665496e+00
6.249996423721313477e-01
3.750000000000000000e-01
2.999999844043666819e+00
2.278004216889352840e+00
3.749865591526031494e-01
6.249997019767761230e-01
2.999999829782697525e+00
2.486398173267800438e+00
1.246168911457061768e-01
3.750016689300537109e-01
2.999988255174292462e+00
2.136945666674558986e+00
1.250295192003250122e-01
8.750000596046447754e-01
2.999999775251837253e+00
1.320019608521345811e+00
3.749992251396179199e-01
6.250048875808715820e-01
2.999999842120203208e+00
2.020661751555272279e+00
1.249999403953552246e-01
8.750002980232238770e-01
2.999999844046471686e+00
2.391409495540448127e+00
1.249999925494194031e-01
3.750019073486328125e-01
2.999999843766516960e+00
1.687545360209346201e+00
8.749845027923583984e-01
1.244668886065483093e-01
2.999977385033973487e+00
2.126278801270815588e+00
6.273299455642700195e-01
1.139558911323547363e+00
3.258627911578653613e+00
2.386409763288322772e+00
3.726668953895568848e-01
8.604318499565124512e-01
3.258627914113519264e+00
2.617770494820568672e+00
1.109194040298461914e+00
8.899750113487243652e-01
3.435720433157092746e+00
2.046468964007283731e+00
3.727591931819915771e-01
3.604382872581481934e-01
3.258627531095661389e+00
2.604000895099261470e+00
6.273396611213684082e-01
6.395809650421142578e-01
3.258627902507705176e+00
2.185994951072317782e+00
8.908011913299560547e-01
6.100178956985473633e-01
3.435720429845108281e+00
3.085998622010442283e+00
3.726686835289001465e-01
3.604337871074676514e-01
3.258627914288060534e+00
3.050646503610867200e+00
1.092662215232849121e-01
8.899745345115661621e-01
3.435720099244180759e+00
2.697383347084374439e+00
3.726674914360046387e-01
8.604316115379333496e-01
3.258627914096269063e+00
2.424060642802341015e+00
3.726686835289001465e-01
-1.395627260208129883e-01
3.258627913672710541e+00
2.219952892767713237e+00
1.091948300600051880e-01
3.899638950824737549e-01
3.435720421972359162e+00
2.694203257437960186e+00
8.908015489578247070e-01
6.100174188613891602e-01
3.435720429275416432e+00
2.497461230763580620e+00
1.091933548450469971e-01
8.899537920951843262e-01
3.435720392007733270e+00
1.935016180162553390e+00
8.908019661903381348e-01
6.100163459777832031e-01
3.435720427784876740e+00
3.064710997067597198e+00
1.091984361410140991e-01
8.899824619293212891e-01
3.435720429427209233e+00
2.634786693643923261e+00
6.273174881935119629e-01
6.395619511604309082e-01
3.258627904535321029e+00
1.993777025488910670e+00
1.091888621449470520e-01
3.899431824684143066e-01
3.435720339861584094e+00
1.280205499090043331e+00
6.273298859596252441e-01
6.395576000213623047e-01
3.258627910547457596e+00
3.153516698806643426e+00
6.273316144943237305e-01
1.139564633369445801e+00
3.258627914168422457e+00
2.302934832752524308e+00
6.273334026336669922e-01
6.395807266235351562e-01
3.258627904025567457e+00
2.876474058883562002e+00
3.748499155044555664e-01
6.382036805152893066e-01
2.864156349105904553e+00
2.777149199934564106e+00
3.748765289783477783e-01
1.138234496116638184e+00
2.864156421509549411e+00
2.429340954633405048e+00
1.080516800284385681e-01
3.918092846870422363e-01
3.449991767613296290e+00
3.309466330914644594e+00
6.250943541526794434e-01
8.617607355117797852e-01
2.864156402158664516e+00
2.383703889243489638e+00
8.925685286521911621e-01
1.081732437014579773e-01
3.449959430935211291e+00
2.501087462940012163e+00
8.919526338577270508e-01
1.082010120153427124e-01
3.449991758216217175e+00
2.051433895411714836e+00
6.251159310340881348e-01
3.617649674415588379e-01
2.864156424499717080e+00
1.166916648641697973e+00
3.748879134654998779e-01
1.382822543382644653e-01
2.864156369855614059e+00
2.600239816249338531e+00
1.080225184559822083e-01
3.918033540248870850e-01
3.449991703497651940e+00
3.119347117793069391e+00
1.080494150519371033e-01
3.918048441410064697e-01
3.449991766039948615e+00
2.877188164851379071e+00
8.919492959976196289e-01
6.081911325454711914e-01
3.449991767683637800e+00
1.688937139548572164e+00
1.080470383167266846e-01
3.917548954486846924e-01
3.449991494596778896e+00
2.782955986955008232e+00
6.251112222671508789e-01
8.617626428604125977e-01
2.864156423453391831e+00
2.390305555020219686e+00
8.919248580932617188e-01
1.081858128309249878e-01
3.449991719581245952e+00
3.267608116147103559e+00
3.748842775821685791e-01
1.138234734535217285e+00
2.864156424501988152e+00
2.293295912321319463e+00
6.251128315925598145e-01
3.617285490036010742e-01
2.864156391967937587e+00
2.296095493954576128e+00
3.748890161514282227e-01
1.382937431335449219e-01
2.864156340070164397e+00
2.315964065481141088e+00
8.919516205787658691e-01
6.081976294517517090e-01
3.449991763493228447e+00
2.412520289324679990e+00
3.748812079429626465e-01
1.381977945566177368e-01
2.864156390747303771e+00
2.516890141092697153e+00
6.251159310340881348e-01
3.617666661739349365e-01
2.864156424437696025e+00
2.289293387856307760e+00
5.874879956245422363e-01
8.990869522094726562e-01
4.467688956899124264e+00
2.507509553552937476e+00
9.125217795372009277e-01
1.009185910224914551e-01
4.467688935921986015e+00
3.769026976170014809e+00
9.125072956085205078e-01
1.009118258953094482e-01
4.467688959206635779e+00
4.156196937958686277e+00
4.125061631202697754e-01
6.009076833724975586e-01
4.467688957356239499e+00
3.346180127363565848e+00
4.124882221221923828e-01
1.009075045585632324e-01
4.467688921700844418e+00
2.993220410846254342e+00
8.749607205390930176e-02
3.990895450115203857e-01
4.467688957984458753e+00
4.331401520774677216e+00
4.125017523765563965e-01
1.009106263518333435e-01
4.467688956051859783e+00
3.122829228940669388e+00
9.125170111656188965e-01
6.009398698806762695e-01
4.467688875543491811e+00
2.929677164769031172e+00
8.749361336231231689e-02
3.990906178951263428e-01
4.467688958537216593e+00
3.261053932697449032e+00
8.749767392873764038e-02
3.990952670574188232e-01
4.467688952536425617e+00
1.988786765295889492e+00
9.124704003334045410e-01
6.009034514427185059e-01
4.467688818777823201e+00
2.924542712685803458e+00
9.125077724456787109e-01
1.009136587381362915e-01
4.467688958875410954e+00
4.106273283934377183e+00
1.087490081787109375e+00
8.990874886512756348e-01
4.467688958487986639e+00
2.419816951693428031e+00
4.125211834907531738e-01
1.009157150983810425e-01
4.467688939139538462e+00
1.942466432243795449e+00
4.125145971775054932e-01
1.009155884385108948e-01
4.467688953131416341e+00
3.184038077096110531e+00
5.875020623207092285e-01
3.990903496742248535e-01
4.467688950187213237e+00
2.775178361394972981e+00
5.874933600425720215e-01
-1.009087264537811279e-01
4.467688958166021962e+00
3.107924727872564574e+00
-8.746884763240814209e-02
1.009173840284347534e-01
4.467688900347686953e+00
2.942335353966304190e+00
9.125125408172607422e-01
1.009132191538810730e-01
4.467688956342885653e+00
3.683127677300976899e+00
8.751451224088668823e-02
3.991004824638366699e-01
4.467688903183532290e+00
3.768185163411314598e+00
5.733442902565002441e-01
5.923802256584167480e-01
6.671063191591704467e+00
5.290261546835555606e+00
5.733504295349121094e-01
5.923767685890197754e-01
6.671063189381641223e+00
5.897031169439530096e+00
7.333440333604812622e-02
9.076189398765563965e-01
6.671063173554902193e+00
6.376481071095330577e+00
7.500631213188171387e-01
1.978601664304733276e-01
5.499999723498164350e+00
2.780200627451867579e+00
2.499157339334487915e-01
3.071771860122680664e-01
5.499999570879703370e+00
3.266898403486206970e+00
4.266622662544250488e-01
9.076204299926757812e-01
6.671063183707163446e+00
2.634200927710026008e+00
5.733424425125122070e-01
5.923776626586914062e-01
6.671063191930922898e+00
2.719379727217976050e+00
7.332194596529006958e-02
9.075754880905151367e-01
6.671062845055327983e+00
5.021787808924543128e+00
7.337348908185958862e-02
4.076325595378875732e-01
6.671063070275558893e+00
5.494052806606369188e+00
9.266793727874755859e-01
5.924242138862609863e-01
6.671062843419154120e+00
5.793449398317988219e+00
7.332709431648254395e-02
9.075843691825866699e-01
6.671062964563855502e+00
4.688464197084741159e+00
2.499610334634780884e-01
7.775157690048217773e-01
5.499999828270161650e+00
5.144884002574726445e+00
9.266318082809448242e-01
5.923616886138916016e-01
6.671063101746979029e+00
5.171969132648437828e+00
5.733456015586853027e-01
1.092377543449401855e+00
6.671063193340453168e+00
5.492250533956360314e+00
2.500088512897491455e-01
1.834702678024768829e-02
5.499999997715931954e+00
3.884701967570991066e+00
4.266699850559234619e-01
9.076169133186340332e-01
6.671063154656415861e+00
4.609231294544498425e+00
5.733243227005004883e-01
9.239856898784637451e-02
6.671063083415646133e+00
5.971374634307990092e+00
7.500453591346740723e-01
4.786829650402069092e-01
5.499999929709041169e+00
4.810290652383584664e+00
9.266803860664367676e-01
5.923992395401000977e-01
6.671063051565421453e+00
2.905562353541414566e+00
4.266586899757385254e-01
4.076163172721862793e-01
6.671063185335880164e+00
5.120229566178320368e+00
9.059704542160034180e-01
1.096837371587753296e-01
5.280432152778830712e+00
3.782717976138271876e+00
9.402963519096374512e-02
3.903168141841888428e-01
5.280432152828793413e+00
4.964451333519130038e+00
9.058749675750732422e-01
1.099609583616256714e-01
5.280420552179944771e+00
4.305777746005885476e+00
6.050152778625488281e-01
1.016531735658645630e-01
4.348795062051663329e+00
4.220472556024483346e+00
9.403330087661743164e-02
3.903177082538604736e-01
5.280432151074609948e+00
3.562193050372276293e+00
3.950494229793548584e-01
8.983290195465087891e-01
4.348795110144510367e+00
3.996100575560147750e+00
6.049338579177856445e-01
6.016700267791748047e-01
4.348795083447428489e+00
4.287623751594977328e+00
1.094009876251220703e+00
8.903135657310485840e-01
5.280432102056143329e+00
2.835198779616797893e+00
3.950342237949371338e-01
3.983362317085266113e-01
4.348795122292917981e+00
3.440171434404363460e+00
3.950104415416717529e-01
-1.016176864504814148e-01
4.348795046672292663e+00
3.577570911104361873e+00
3.950533270835876465e-01
8.982867598533630371e-01
4.348795018979214611e+00
3.660249155314565961e+00
9.059716463088989258e-01
1.096907407045364380e-01
5.280432145584782688e+00
2.509422162570538184e+00
9.406886994838714600e-02
3.903278708457946777e-01
5.280431948131269593e+00
3.965895076371083849e+00
9.059647917747497559e-01
1.096654683351516724e-01
5.280432112711446635e+00
4.051406464269978080e+00
9.059699177742004395e-01
1.096813157200813293e-01
5.280432152430737602e+00
4.214093825357704937e+00
9.403009712696075439e-02
3.903182744979858398e-01
5.280432152585726513e+00
4.652797990063028521e+00
3.950274586677551270e-01
3.983477354049682617e-01
4.348795119477300020e+00
4.073438021662786568e+00
9.059601426124572754e-01
1.096485704183578491e-01
5.280432000154112515e+00
4.285265304224463279e+00
3.950248956680297852e-01
-1.016422212123870850e-01
4.348795108482268468e+00
3.844077228729672058e+00
6.049595475196838379e-01
1.016950383782386780e-01
4.348795081256014328e+00
3.986167350368170048e+00
3.893218934535980225e-01
1.607622802257537842e-01
5.305130169168306153e+00
5.192056591970383828e+00
8.478081226348876953e-02
3.995019793510437012e-01
5.708426909303637942e+00
5.596400595986102289e+00
8.479416370391845703e-02
-1.004681363701820374e-01
5.708426643512535925e+00
4.063090743917975090e+00
6.106944680213928223e-01
8.391485214233398438e-01
5.305130056764640223e+00
4.385464718110331894e+00
8.476712554693222046e-02
8.994873166084289551e-01
5.708426956548073861e+00
4.971053586002781799e+00
9.152365326881408691e-01
1.005160883069038391e-01
5.708426954346359494e+00
2.166089805029684623e+00
8.475609868764877319e-02
3.994537889957427979e-01
5.708426809238918764e+00
5.281172517603213379e+00
3.893145322799682617e-01
1.607929617166519165e-01
5.305130207465136749e+00
5.064689556710915141e+00
-8.475067466497421265e-02
1.005166992545127869e-01
5.708426921271955834e+00
3.534237133201595604e+00
8.477032929658889771e-02
-1.005088165402412415e-01
5.708426953170201656e+00
3.286860539653989388e+00
6.106960177421569824e-01
3.391371965408325195e-01
5.305129993944013300e+00
4.690928148722034230e+00
6.106591820716857910e-01
3.392219841480255127e-01
5.305130148502829712e+00
4.953170926216126979e+00
6.106705069541931152e-01
8.392190933227539062e-01
5.305130187103571870e+00
4.468431803911572686e+00
3.893145322799682617e-01
6.607897877693176270e-01
5.305130207276862464e+00
5.171816678773279996e+00
3.893334865570068359e-01
6.607710719108581543e-01
5.305130167114691986e+00
4.297401676148602689e+00
9.152383208274841309e-01
1.005144268274307251e-01
5.708426953147959004e+00
4.797460478238626536e+00
1.084773302078247070e+00
3.994972705841064453e-01
5.708426939830632207e+00
4.250826058717637856e+00
9.152292609214782715e-01
1.005079150199890137e-01
5.708426951891274470e+00
5.212379276126549499e+00
1.084742188453674316e+00
3.994774818420410156e-01
5.708426871128208013e+00
3.659111687834271986e+00
3.893179893493652344e-01
6.607919931411743164e-01
5.305130206584921737e+00
4.655852227664630583e+00
5.970107316970825195e-01
8.897606134414672852e-01
5.302860520053236826e+00
3.344456518759117536e+00
5.970108509063720703e-01
8.897523283958435059e-01
5.302860529881419538e+00
3.776549591036837406e+00
4.030156731605529785e-01
1.102461144328117371e-01
5.302860750495653086e+00
4.804456837714722539e+00
9.698268771171569824e-02
8.897491097450256348e-01
5.302860761969560244e+00
3.828129387807321482e+00
4.030371606349945068e-01
6.102700829505920410e-01
5.302860774555666623e+00
3.649642081561605522e+00
9.030209183692932129e-01
1.102507188916206360e-01
5.302860777879499388e+00
4.224303828165250074e+00
4.030323922634124756e-01
6.102560162544250488e-01
5.302860806650385506e+00
5.289817462248986857e+00
-9.693863242864608765e-02
1.102556362748146057e-01
5.302860743970843060e+00
2.760886194152050166e+00
5.969510674476623535e-01
8.896923661231994629e-01
5.302860433365919057e+00
3.530968544531692288e+00
9.698260575532913208e-02
8.897492289543151855e-01
5.302860762352721302e+00
2.538229067242824488e+00
4.030376970767974854e-01
1.102530583739280701e-01
5.302860811429757959e+00
4.629124875555673313e+00
9.695786982774734497e-02
3.897469937801361084e-01
5.302860808991933794e+00
3.438724308888673420e+00
9.695950895547866821e-02
3.897240459918975830e-01
5.302860745590286307e+00
4.675633141324532893e+00
5.969654917716979980e-01
-1.102379113435745239e-01
5.302860782446576771e+00
2.631464999237637770e+00
9.695813804864883423e-02
8.897321820259094238e-01
5.302860783048196858e+00
4.956672069105925615e+00
4.030323624610900879e-01
1.110251665115356445e+00
5.302860807995761760e+00
2.187138562279028253e+00
9.695855528116226196e-02
3.897152841091156006e-01
5.302860685676774821e+00
4.120237971267567190e+00
9.697020053863525391e-02
8.897499442100524902e-01
5.302860803409771506e+00
2.326797907932871112e+00
9.697482734918594360e-02
3.897588849067687988e-01
5.302860777995862307e+00
4.930170627508572601e+00
9.696494787931442261e-02
3.897472023963928223e-01
5.302860810630858346e+00
3.762746238428556378e+00
4.082413911819458008e-01
8.865632414817810059e-01
5.574088094940059079e+00
5.066814721807016753e+00
1.094060659408569336e+00
8.933404088020324707e-01
5.851485014453794875e+00
2.338858423100543593e+00
4.082160592079162598e-01
3.865734934806823730e-01
5.574088147775544400e+00
4.123073494452408561e+00
4.079723954200744629e-01
3.866988420486450195e-01
5.574080322727663628e+00
4.929993611414664301e+00
4.082009196281433105e-01
8.865647315979003906e-01
5.574088129630924371e+00
4.914198413462182558e+00
5.917836427688598633e-01
6.134357452392578125e-01
5.574088156434131136e+00
4.527417217339603894e+00
9.415847063064575195e-02
-1.066335737705230713e-01
5.851485844605242903e+00
2.653370767357514204e+00
4.082174301147460938e-01
8.865537047386169434e-01
5.574088145659784388e+00
4.519117378687242059e+00
5.917849540710449219e-01
6.133610606193542480e-01
5.574087602148655840e+00
4.329163030385299926e+00
9.414479881525039673e-02
8.933584690093994141e-01
5.851485869344990931e+00
4.866578386260871802e+00
5.917837023735046387e-01
1.134141758084297180e-01
5.574088109927010315e+00
4.468015094159175860e+00
5.917877554893493652e-01
6.134669780731201172e-01
5.574088057286118669e+00
4.082358059843549825e+00
5.917836427688598633e-01
6.134216785430908203e-01
5.574088136571480945e+00
4.280956095752915580e+00
9.414998441934585571e-02
8.933601379394531250e-01
5.851485866835560046e+00
4.850199738383645709e+00
5.917820334434509277e-01
1.134358718991279602e-01
5.574088156387424497e+00
3.405737945306927195e+00
5.917820334434509277e-01
6.134538054466247559e-01
5.574088124491602514e+00
3.259286844251334525e+00
9.058610200881958008e-01
6.066869497299194336e-01
5.851485572447385763e+00
4.626472828147440097e+00
9.416978061199188232e-02
-1.066195070743560791e-01
5.851485751129503754e+00
2.970477221219284480e+00
4.082298874855041504e-01
8.865772485733032227e-01
5.574088121482782654e+00
3.240301610855925496e+00
5.917836427688598633e-01
6.134262084960937500e-01
5.574088147252033387e+00
3.643553316076216131e+00
4.079425334930419922e-01
2.838828563690185547e-01
8.263368561482202779e+00
8.013665387675512619e+00
-6.353482604026794434e-02
5.859206914901733398e-01
8.784015815322170795e+00
6.312632310338504915e+00
7.127040624618530273e-01
1.756899207830429077e-01
7.953563350589000436e+00
7.202061161061880767e+00
5.920515656471252441e-01
7.160428166389465332e-01
8.263368383588643340e+00
8.167421024652274042e+00
6.351052224636077881e-02
4.140173792839050293e-01
8.784015129666826738e+00
7.335257400686954199e+00
7.127604484558105469e-01
6.750924587249755859e-01
7.953554008240513618e+00
4.960198559682678976e+00
6.354541331529617310e-02
9.140889644622802734e-01
8.784015790044762184e+00
7.004853447246505382e+00
9.364637136459350586e-01
8.592009544372558594e-02
8.784015815588153586e+00
7.483066869012479749e+00
5.920173525810241699e-01
7.161154747009277344e-01
8.263368307196206075e+00
7.595795884437635870e+00
2.866346836090087891e-01
-1.756936907768249512e-01
7.953512675296136258e+00
7.497008928591656129e+00
2.872964441776275635e-01
3.243088722229003906e-01
7.953563353640365818e+00
7.271247317334011306e+00
7.127097249031066895e-01
6.756728291511535645e-01
7.953563298203021326e+00
3.532254323973422760e+00
2.872980535030364990e-01
3.242865204811096191e-01
7.953563397853330663e+00
7.271281621577443843e+00
5.920571684837341309e-01
7.162568569183349609e-01
8.263367945495955880e+00
7.723791990897784565e+00
7.126934528350830078e-01
6.757837533950805664e-01
7.953563393141505067e+00
7.054084174635889326e+00
4.079486131668090820e-01
2.838368415832519531e-01
8.263368489429609554e+00
7.508583014528200650e+00
1.063516020774841309e+00
4.140710532665252686e-01
8.784015729753487989e+00
3.656567663388237577e+00
2.871857881546020508e-01
3.242569267749786377e-01
7.953561922434270848e+00
7.367760628892571440e+00
7.135035991668701172e-01
1.175706624984741211e+00
7.953488951799626783e+00
7.491014357127696144e+00
5.914067029953002930e-01
1.215821504592895508e+00
8.263296910658290528e+00
7.490550373899423242e+00
4.195426106452941895e-01
6.105601787567138672e-01
5.831246993931772593e+00
5.644259564990971256e+00
5.804445743560791016e-01
3.893778920173645020e-01
5.831246710143260792e+00
5.036202320198391646e+00
5.804623365402221680e-01
8.894795775413513184e-01
5.831246851408815601e+00
5.048873465692824247e+00
5.804457068443298340e-01
3.893757462501525879e-01
5.831246691720283870e+00
4.374840352292328483e+00
9.085900783538818359e-01
6.090456247329711914e-01
6.506633844481567230e+00
4.274920350035174899e+00
5.804588198661804199e-01
8.894485831260681152e-01
5.831246984011088763e+00
5.110466848475248014e+00
1.091400027275085449e+00
8.909529447555541992e-01
6.506633843735917466e+00
4.496004440746733444e+00
9.085965752601623535e-01
1.090627461671829224e-01
6.506633808397819685e+00
5.844000508715300413e+00
5.804601907730102539e-01
8.894716501235961914e-01
5.831246900168226333e+00
5.120326521014660237e+00
5.804576873779296875e-01
3.894361555576324463e-01
5.831246994320086863e+00
5.797081532508669532e+00
5.804767608642578125e-01
3.894518017768859863e-01
5.831246934836702422e+00
5.210609816704254271e+00
9.085954427719116211e-01
6.090512275695800781e-01
6.506633844397803124e+00
5.234838438676711725e+00
9.139845520257949829e-02
8.909353613853454590e-01
6.506633794476598176e+00
4.032086571768445538e+00
9.085918068885803223e-01
6.090223789215087891e-01
6.506633762510473318e+00
4.901292362908185929e+00
9.141073375940322876e-02
8.909540176391601562e-01
6.506633843248716076e+00
4.648471009104056861e+00
4.195790886878967285e-01
6.105690002441406250e-01
5.831246839859959508e+00
4.020779436514337668e+00
9.140665829181671143e-02
8.909537196159362793e-01
6.506633847533660031e+00
3.897755713590544069e+00
9.085966348648071289e-01
1.090647354722023010e-01
6.506633798233213639e+00
5.302686490913781192e+00
9.085929393768310547e-01
1.090587675571441650e-01
6.506633824070238603e+00
4.717675063644612088e+00
5.804495811462402344e-01
3.893718421459197998e-01
5.831246656389371452e+00
4.360516224638963934e+00
5.614224076271057129e-01
-8.546836674213409424e-02
9.901153507149652810e+00
8.022522581602625991e+00
-6.139605492353439331e-02
8.548066765069961548e-02
9.901153340288962212e+00
6.023954357501359880e+00
4.385786652565002441e-01
8.546928316354751587e-02
9.901153507159985878e+00
7.739195168444827466e+00
5.607898235321044922e-01
4.147379398345947266e-01
9.901012525894357097e+00
8.927183858348950452e+00
6.142408773303031921e-02
4.145343303680419922e-01
9.901153504814695694e+00
4.116867735479511126e+00
9.386126995086669922e-01
8.554363995790481567e-02
9.901152399051138531e+00
6.252158001060712067e+00
-6.137960031628608704e-02
8.548889309167861938e-02
9.901153058462913492e+00
8.187215122986495786e+00
4.385763704776763916e-01
5.854644179344177246e-01
9.901153503402564837e+00
8.897162884446995434e+00
4.385442435741424561e-01
5.854385495185852051e-01
9.901153154843306936e+00
6.483561395050243981e+00
7.372926473617553711e-01
-1.172921838588081300e-04
8.500001660452014107e+00
6.292457870373777240e+00
4.385657310485839844e-01
8.544340729713439941e-02
9.901153376857925181e+00
9.525365313199994688e+00
4.385776519775390625e-01
5.854684114456176758e-01
9.901153507167474999e+00
7.284803297890193541e+00
4.385872483253479004e-01
8.547718822956085205e-02
9.901153481400051248e+00
8.674892366749178407e+00
5.613619089126586914e-01
4.144794344902038574e-01
9.901152428993281518e+00
4.648217774715034167e+00
6.142256036400794983e-02
4.145317375659942627e-01
9.901153507096532636e+00
8.425747807844652826e+00
4.385776817798614502e-01
8.546878397464752197e-02
9.901153507191663650e+00
8.602387458106836249e+00
9.385966062545776367e-01
5.855193734169006348e-01
9.901153019748910822e+00
5.387890576291106903e+00
9.385947585105895996e-01
8.548603206872940063e-02
9.901153412886150917e+00
8.500493037195248291e+00
4.385990500450134277e-01
5.855317711830139160e-01
9.901152755917198789e+00
9.749441062817073345e+00
4.385792613029479980e-01
8.547151833772659302e-02
9.901153505882009043e+00
8.289934678662456591e+00
9.135862588882446289e-01
6.049090027809143066e-01
7.618237061024975887e+00
6.702048228732882862e+00
5.864060521125793457e-01
1.049101650714874268e-01
7.618237068007421620e+00
6.950241648978794373e+00
8.640292286872863770e-02
8.950892686843872070e-01
7.618237065215167192e+00
7.233787908929299348e+00
5.863690972328186035e-01
1.049145609140396118e-01
7.618236827917808540e+00
5.100696877037954380e+00
5.864388942718505859e-01
1.048988997936248779e-01
7.618236890327109379e+00
5.577198000980319037e+00
5.864320993423461914e-01
1.048996448516845703e-01
7.618236954353724499e+00
5.915111852319351549e+00
4.135908484458923340e-01
8.950905203819274902e-01
7.618237067538053964e+00
6.309979760944568028e+00
5.864071249961853027e-01
1.049099713563919067e-01
7.618237068212275531e+00
6.456474495120800405e+00
8.640713244676589966e-02
8.950898051261901855e-01
7.618237068208879137e+00
6.281673765455266789e+00
8.641208708286285400e-02
-1.048808917403221130e-01
7.618236924222006934e+00
5.545383503461916774e+00
4.135872721672058105e-01
3.950918912887573242e-01
7.618237062760203848e+00
4.567508975683549188e+00
8.642695099115371704e-02
3.950947523117065430e-01
7.618237001951804643e+00
4.800604848072469899e+00
-8.635547012090682983e-02
1.049156635999679565e-01
7.618236625227791770e+00
5.224319949234446092e+00
4.135929942131042480e-01
3.950887918472290039e-01
7.618237067980283328e+00
7.171814747541930046e+00
9.135902523994445801e-01
1.104887247085571289e+00
7.618236980594121022e+00
5.508052035376092448e+00
5.864071249961853027e-01
1.049100309610366821e-01
7.618237068213018937e+00
6.272332728903392329e+00
9.135904312133789062e-01
6.049097180366516113e-01
7.618237067256030670e+00
6.796393888394041127e+00
8.643416315317153931e-02
8.950970768928527832e-01
7.618236944006268274e+00
3.768564718256304680e+00
8.642160892486572266e-02
8.951315879821777344e-01
7.618236757970391793e+00
6.510298446134014760e+00
4.135921597480773926e-01
8.950825929641723633e-01
7.618237058715586763e+00
7.135364547330368623e+00
4.054048061370849609e-01
8.676180839538574219e-01
7.464881566254348400e+00
5.008545756515443870e+00
5.945462584495544434e-01
1.323907971382141113e-01
7.464881791464801353e+00
6.013772014497554608e+00
5.945493578910827637e-01
6.323851346969604492e-01
7.464881792935806004e+00
7.393675324908263846e+00
5.938898921012878418e-01
6.323764324188232422e-01
7.464840474981729201e+00
6.334952059527214629e+00
9.197351336479187012e-01
1.004389077425003052e-01
8.075122906835458636e+00
7.966799749033087075e+00
5.945573449134826660e-01
6.323845982551574707e-01
7.464881782285377021e+00
7.256994877810939215e+00
4.054796099662780762e-01
3.676143884658813477e-01
7.464881729543731304e+00
6.486983721128639857e+00
5.945462584495544434e-01
6.323884725570678711e-01
7.464881792962628992e+00
6.849292081195685000e+00
4.054524898529052734e-01
8.676832318305969238e-01
7.464881469144066806e+00
7.002999588026128208e+00
5.945462584495544434e-01
1.323887556791305542e-01
7.464881792820500017e+00
7.077639729902912791e+00
5.945464968681335449e-01
6.323735713958740234e-01
7.464881784672992460e+00
6.263912594491979569e+00
8.026091009378433228e-02
3.995614945888519287e-01
8.075122909681631711e+00
6.466714414033659430e+00
5.945462584495544434e-01
1.323881447315216064e-01
7.464881793113235631e+00
6.815326904413521625e+00
9.197299480438232422e-01
1.100434660911560059e+00
8.075122894457051004e+00
4.550507281332532017e+00
5.945447087287902832e-01
6.323850750923156738e-01
7.464881793539291266e+00
6.734930617384551788e+00
4.054396748542785645e-01
8.675994277000427246e-01
7.464881757785960303e+00
7.463026445295752431e+00
4.054404199123382568e-01
3.676152825355529785e-01
7.464881777131699536e+00
6.967794819532804773e+00
5.945462584495544434e-01
1.323850005865097046e-01
7.464881793796566356e+00
5.741316141265962791e+00
8.026136457920074463e-02
3.995620906352996826e-01
8.075122909708685626e+00
6.455908354586087583e+00
4.054096341133117676e-01
3.676166534423828125e-01
7.464881609238759985e+00
6.813989379965046389e+00
6.891147792339324951e-02
4.089248180389404297e-01
9.532454442174600473e+00
8.302936905925729860e+00
9.311509728431701660e-01
9.109458327293395996e-02
9.532454762540094606e+00
8.265535938380796921e+00
7.391210794448852539e-01
1.139210700988769531e+00
8.259487767915871359e+00
5.930697512443170893e+00
6.888138502836227417e-02
-9.105855971574783325e-02
9.532454664362351338e+00
7.029163935608808700e+00
4.122465550899505615e-01
7.211088538169860840e-01
8.315138102038257983e+00
8.000157793169844211e+00
5.878604650497436523e-01
2.791056931018829346e-01
8.315136927591503024e+00
7.920865762235605345e+00
4.122584760189056396e-01
2.210807055234909058e-01
8.315138098573298109e+00
8.000191785949285261e+00
4.122567474842071533e-01
2.211076170206069946e-01
8.315138110104136615e+00
8.261114748588868295e+00
2.611646950244903564e-01
3.595894277095794678e-01
8.259502322630059012e+00
7.504008800304271531e+00
1.068883776664733887e+00
9.089306592941284180e-01
9.532454749950108663e+00
5.449935588711529277e+00
5.877274870872497559e-01
2.791205644607543945e-01
8.315137348727299482e+00
7.997301377688994961e+00
7.388713359832763672e-01
6.402713060379028320e-01
8.259502627017797138e+00
7.968947727368529854e+00
5.877432227134704590e-01
2.788793742656707764e-01
8.315138108512291737e+00
8.058008488798689584e+00
9.311206340789794922e-01
1.091074228286743164e+00
9.532454796505433592e+00
4.783945460776497960e+00
5.877440571784973145e-01
2.788990736007690430e-01
8.315138109268971789e+00
7.974818725190166546e+00
7.388713359832763672e-01
6.402606368064880371e-01
8.259502626694935401e+00
8.184878697113466828e+00
2.610815167427062988e-01
3.599473237991333008e-01
8.259502046502218420e+00
7.487432131276183789e+00
2.611729502677917480e-01
8.595533370971679688e-01
8.259502160019987826e+00
7.999922408664149387e+00
6.891746819019317627e-02
9.089070558547973633e-01
9.532454265589498377e+00
8.154224666015855050e+00
7.388744354248046875e-01
6.402612328529357910e-01
8.259502628455596351e+00
8.002806496907284739e+00
2.772139906883239746e-01
9.337148070335388184e-02
8.534156482562437418e+00
8.434916063962052846e+00
4.364622831344604492e-01
6.036789417266845703e-01
9.608280904759562091e+00
6.955464240892608174e+00
4.364500343799591064e-01
6.036812663078308105e-01
9.608280939703611523e+00
7.981990241828324173e+00
9.296514391899108887e-01
9.513186663389205933e-02
1.020938024316848924e+01
8.217388756240744385e+00
4.364334344863891602e-01
1.036580801010131836e-01
9.608280861037686194e+00
8.541060312755394790e+00
1.070340991020202637e+00
4.048662483692169189e-01
1.020938023069668787e+01
5.860764435519671522e+00
7.035358995199203491e-02
-9.511712938547134399e-02
1.020938019547356390e+01
7.370173328292104920e+00
7.034845650196075439e-02
9.048683047294616699e-01
1.020938024317148241e+01
8.018532564514165628e+00
5.635504126548767090e-01
3.963229358196258545e-01
9.608280943471507740e+00
7.175340975266236931e+00
7.035921514034271240e-02
9.048721194267272949e-01
1.020938021292173836e+01
5.569696225040904558e+00
5.635761618614196777e-01
3.963278234004974365e-01
9.608280792884645649e+00
8.051825020080073614e+00
2.772584855556488037e-01
9.320859611034393311e-02
8.534156404808536323e+00
8.461039824934411868e+00
9.296675920486450195e-01
1.095131278038024902e+00
1.020938017985737289e+01
8.249139066711833834e+00
4.364500343799591064e-01
6.036763787269592285e-01
9.608280943609537772e+00
7.910760516026333455e+00
7.228409647941589355e-01
4.064399898052215576e-01
8.534156373243831695e+00
8.519111168391866329e+00
4.364663660526275635e-01
1.037652790546417236e-01
9.608279981036245587e+00
6.725666132734401614e+00
4.364308118820190430e-01
1.036593988537788391e-01
9.608280845879315635e+00
8.534956154867945344e+00
1.070333003997802734e+00
9.048645496368408203e-01
1.020938018747711951e+01
7.363130748725284391e+00
5.635480284690856934e-01
8.963229060173034668e-01
9.608280942015557713e+00
6.772640350521378139e+00
7.034876197576522827e-02
4.048680961132049561e-01
1.020938024312233949e+01
8.512937709139920983e+00
5.638913512229919434e-01
4.091562032699584961e-01
1.177759949787449401e+01
5.868241996459009790e+00
5.639085769653320312e-01
9.086920619010925293e-01
1.177754675163587095e+01
1.050654039544782492e+01
6.393602490425109863e-02
4.091725051403045654e-01
1.177759866248419307e+01
9.565369962196097475e+00
9.361166954040527344e-01
5.908472537994384766e-01
1.177759951815164818e+01
9.313669839728950350e+00
4.360872209072113037e-01
5.908355712890625000e-01
1.177759924945272019e+01
1.003737779536144359e+01
4.361224472522735596e-01
9.086742997169494629e-02
1.177759942547909944e+01
9.847289206445438481e+00
4.361104667186737061e-01
5.908451080322265625e-01
1.177759950616314200e+01
8.481430444968975024e+00
6.387886404991149902e-02
9.092556238174438477e-01
1.177759690491109090e+01
9.882137586796254425e+00
9.361132383346557617e-01
9.084598720073699951e-02
1.177759951442191522e+01
8.880582861714358955e+00
5.638851523399353027e-01
4.091539382934570312e-01
1.177759951695608009e+01
9.618362720235312580e+00
9.361012578010559082e-01
5.908420681953430176e-01
1.177759944494992794e+01
9.944414729111597850e+00
7.463088631629943848e-01
4.999841153621673584e-01
1.000000000497951014e+01
9.993273322892513022e+00
6.388315558433532715e-02
9.091525673866271973e-01
1.177759951814538120e+01
1.150372031231150949e+01
5.638486742973327637e-01
9.091249704360961914e-01
1.177759907322461963e+01
7.480464742485949614e+00
5.638915300369262695e-01
-9.084321558475494385e-02
1.177759949658914174e+01
9.912110088113028183e+00
6.382247060537338257e-02
9.092465043067932129e-01
1.177759544819337734e+01
1.174739120711588924e+01
5.638913512229919434e-01
4.091557860374450684e-01
1.177759949808883100e+01
9.371651073758368256e+00
9.361121058464050293e-01
1.090830087661743164e+00
1.177759945056596536e+01
7.641535634706105640e+00
7.499994039535522461e-01
4.998739063739776611e-01
9.999999686154598777e+00
9.578317305452287655e+00
7.449896335601806641e-01
-3.967818702221848071e-05
1.000000003114831060e+01
9.544495784645638636e+00
9.186744093894958496e-01
6.044588088989257812e-01
9.376790702803559086e+00
7.796889051265324611e+00
8.134218305349349976e-02
3.956124782562255859e-01
9.376791764504892157e+00
9.293111296892568873e+00
5.967020988464355469e-01
1.129289641976356506e-01
9.019119023206405572e+00
7.005733737424508334e+00
8.134300261735916138e-02
3.955944478511810303e-01
9.376791680331567846e+00
9.289271587834301513e+00
5.967013239860534668e-01
1.129292249679565430e-01
9.019119023323581175e+00
8.573353305687275494e+00
9.186629652976989746e-01
6.043442487716674805e-01
9.376791428730216538e+00
8.354586240242081630e+00
8.133842051029205322e-02
8.956144452095031738e-01
9.376791769750246530e+00
8.011357916919594757e+00
4.032670557498931885e-01
3.870846629142761230e-01
9.019118857836225800e+00
7.599250029852504973e+00
5.967015027999877930e-01
1.129312589764595032e-01
9.019119022727695167e+00
5.611534579396081135e+00
5.967006087303161621e-01
6.129490733146667480e-01
9.019118967937462372e+00
8.841847628030876649e+00
8.134220540523529053e-02
-1.043663769960403442e-01
9.376791695454492981e+00
7.213708056877466746e+00
9.186680316925048828e-01
1.044321730732917786e-01
9.376791339961457084e+00
7.236360793235658839e+00
8.136069774627685547e-02
8.956189155578613281e-01
9.376791657218030096e+00
7.846115119063514776e+00
9.186201095581054688e-01
6.043861508369445801e-01
9.376791390207513288e+00
8.108870121882532089e+00
5.967026352882385254e-01
1.112912297248840332e+00
9.019118982928132411e+00
6.766449837033926329e+00
-8.133322000503540039e-02
1.043862327933311462e-01
9.376791765588679439e+00
4.966057689968924826e+00
-8.132229000329971313e-02
1.043873280286788940e-01
9.376791719630166000e+00
4.373824770875112122e+00
4.033055007457733154e-01
3.870025873184204102e-01
9.019118368993439105e+00
7.971803717224580588e+00
5.967015027999877930e-01
1.129292473196983337e-01
9.019119023313479033e+00
7.984453978737833246e+00
9.186624288558959961e-01
1.044311746954917908e-01
9.376791355582744458e+00
8.432531797863910938e+00
7.096454501152038574e-01
6.290517449378967285e-01
8.288366957884973019e+00
8.103210168212140019e+00
9.227350354194641113e-01
5.974760651588439941e-01
9.160358014615397337e+00
8.275639109981220543e+00
9.227467179298400879e-01
5.974716544151306152e-01
9.160357984058681069e+00
8.503334776203347545e+00
7.097525000572204590e-01
6.291032433509826660e-01
8.288367111498564199e+00
7.936702077847049175e+00
2.902538776397705078e-01
8.709577918052673340e-01
8.288367350821042479e+00
7.993945545322170609e+00
7.724007964134216309e-02
9.024514555931091309e-01
9.160358081606091218e+00
7.422666033114878381e+00
7.726597785949707031e-02
4.025253355503082275e-01
9.160357989329074968e+00
7.297522637181338645e+00
7.726192474365234375e-02
4.025152623653411865e-01
9.160358135233604315e+00
7.645520013863782438e+00
9.227463603019714355e-01
5.974767208099365234e-01
9.160358060386553092e+00
8.378480357423775615e+00
7.096483707427978516e-01
6.290453076362609863e-01
8.288366980860955024e+00
7.671781627522925362e+00
7.096563577651977539e-01
6.289902329444885254e-01
8.288366862506970634e+00
7.873524936180282374e+00
7.723851501941680908e-02
9.024494290351867676e-01
9.160358052205772594e+00
8.235994792845778179e+00
2.903177142143249512e-01
-1.289695501327514648e-01
8.288366858349334620e+00
6.921377772535812767e+00
2.901624739170074463e-01
8.709671497344970703e-01
8.288367184073534233e+00
6.680945215613608212e+00
9.227874279022216797e-01
9.752735495567321777e-02
9.160358094577677690e+00
8.083801883833093171e+00
2.902408540248870850e-01
8.709475994110107422e-01
8.288367346688287896e+00
6.710687664646448169e+00
2.903530001640319824e-01
3.709550201892852783e-01
8.288366971671973005e+00
7.395314179997954263e+00
2.902381122112274170e-01
3.709616065025329590e-01
8.288367357886251341e+00
7.882710919686200413e+00
2.902507483959197998e-01
8.708738088607788086e-01
8.288366905426876485e+00
6.855583512992770245e+00
7.097366452217102051e-01
1.291105598211288452e-01
8.288367043806289303e+00
8.142255918881533105e+00
7.873980700969696045e-02
3.981662988662719727e-01
9.875675299101258631e+00
9.006915770347976746e+00
7.872742414474487305e-02
8.981644511222839355e-01
9.875675333570439918e+00
8.199792293588837211e+00
9.212725162506103516e-01
1.018448472023010254e-01
9.875675315292902212e+00
7.963322203416042910e+00
5.682227015495300293e-01
3.666668832302093506e-01
8.545374214946459546e+00
8.351397158363869977e+00
5.681956410408020020e-01
3.667699396610260010e-01
8.545374525041975033e+00
7.879237550062732076e+00
5.682279467582702637e-01
8.667585849761962891e-01
8.545374571701362498e+00
8.276206472710299522e+00
7.873060554265975952e-02
3.981654345989227295e-01
9.875675331109789568e+00
5.510094223599939944e+00
7.872517406940460205e-02
8.981503248214721680e-01
9.875675292004348904e+00
7.036776067478527352e+00
7.873222231864929199e-02
3.981651365756988525e-01
9.875675328253620933e+00
7.769216945417639408e+00
7.874703407287597656e-02
3.981687426567077637e-01
9.875675246803595542e+00
8.575543803978336044e+00
7.873199880123138428e-02
3.981649577617645264e-01
9.875675328729631275e+00
8.032568033190930379e+00
5.682203173637390137e-01
8.667685985565185547e-01
8.545374587035619030e+00
8.504074794749614696e+00
4.317668378353118896e-01
6.332446932792663574e-01
8.545374550957495430e+00
8.026509521682637427e+00
4.317781031131744385e-01
1.333221644163131714e-01
8.545374293678529298e+00
7.961869594991715537e+00
9.212911725044250488e-01
1.018852591514587402e-01
9.875674781561347260e+00
6.334520524641062522e+00
5.687526464462280273e-01
3.672767579555511475e-01
8.545320135859732602e+00
8.040285735747268347e+00
4.317834079265594482e-01
6.332276463508605957e-01
8.545374587168142355e+00
7.990914537456062838e+00
5.682680010795593262e-01
3.667844533920288086e-01
8.545374195111323345e+00
8.522268558998634447e+00
7.872740179300308228e-02
3.981574177742004395e-01
9.875675323082282020e+00
7.975071222632078793e+00
7.871616631746292114e-02
8.980969190597534180e-01
9.875674388473774101e+00
5.701104267526726055e+00
5.716945528984069824e-01
3.876650035381317139e-01
1.106722814788633258e+01
9.436834311280707155e+00
6.974354386329650879e-02
4.047772884368896484e-01
1.138298421960769247e+01
9.367648208050161074e+00
6.973630189895629883e-02
4.047757387161254883e-01
1.138298423446973473e+01
9.367498123730557680e+00
9.302638769149780273e-01
5.952244997024536133e-01
1.138298423446073038e+01
1.025817437375956942e+01
5.717012882232666016e-01
3.877622187137603760e-01
1.106722953716823632e+01
9.328645255435271011e+00
5.716995000839233398e-01
3.877388238906860352e-01
1.106722945731011265e+01
9.416528434010293935e+00
9.302679300308227539e-01
9.522530436515808105e-02
1.138298422978887459e+01
9.975009715769518337e+00
6.973087042570114136e-02
9.047711491584777832e-01
1.138298422364413298e+01
6.601689000456826939e+00
9.302631616592407227e-01
5.952241420745849609e-01
1.138298423435792905e+01
9.481990117804699025e+00
5.717062950134277344e-01
-1.122114211320877075e-01
1.106722942817054189e+01
8.898559579325830526e+00
5.716695785522460938e-01
8.877598643302917480e-01
1.106722927773047971e+01
1.011104422285402826e+01
5.716894865036010742e-01
8.877208828926086426e-01
1.106722926120710682e+01
1.049371779678208050e+01
6.979123502969741821e-02
4.048078656196594238e-01
1.138298328801155357e+01
9.739523228239086450e+00
5.717011690139770508e-01
8.877743482589721680e-01
1.106722951542560551e+01
9.242481375570713809e+00
4.282768070697784424e-01
1.122350618243217468e-01
1.106722939859464461e+01
9.710074241050717703e+00
4.283007383346557617e-01
6.122612953186035156e-01
1.106722945643509526e+01
9.242818819207100134e+00
9.302521944046020508e-01
5.952191352844238281e-01
1.138298419528707051e+01
8.793929988811497012e+00
5.716983675956726074e-01
3.877271413803100586e-01
1.106722935685508702e+01
9.530269580436691257e+00
6.973706185817718506e-02
9.047758579254150391e-01
1.138298423426443229e+01
9.737815631659415772e+00
9.302280545234680176e-01
9.521605074405670166e-02
1.138298388263015326e+01
9.430709957623179207e+00
9.231464862823486328e-01
6.002764105796813965e-01
1.044458016011446588e+01
8.077083270917615465e+00
7.685144245624542236e-02
3.997090756893157959e-01
1.044458020470192494e+01
9.981730365779446501e+00
4.231103658676147461e-01
1.100282192230224609e+00
1.044457982456434486e+01
8.486937312859819116e+00
5.768485069274902344e-01
8.996998071670532227e-01
1.044458018552512613e+01
8.047144792224065313e+00
7.685390859842300415e-02
-1.002649515867233276e-01
1.044458006098232694e+01
8.415136108238664647e+00
9.231495261192321777e-01
1.002906113862991333e-01
1.044458020517865471e+01
8.479133297343537379e+00
4.231353700160980225e-01
1.100287556648254395e+00
1.044458015346356383e+01
6.989719026036421035e+00
7.684995234012603760e-02
8.997092843055725098e-01
1.044458020522615982e+01
9.342749707185475927e+00
5.768495202064514160e-01
8.997088670730590820e-01
1.044458020513421381e+01
8.527806284763304490e+00
9.231435656547546387e-01
6.002862453460693359e-01
1.044458019246837566e+01
5.028594186910387620e+00
5.768511295318603516e-01
3.996723890304565430e-01
1.044457990107546053e+01
9.494261540883288220e+00
4.231502711772918701e-01
6.002910137176513672e-01
1.044458020518797881e+01
6.152171522962733619e+00
7.685026526451110840e-02
8.997094035148620605e-01
1.044458020521275365e+01
5.331945892462221614e+00
9.231521487236022949e-01
6.002999544143676758e-01
1.044458018625737594e+01
8.782732220651217503e+00
7.684995234012603760e-02
8.997089862823486328e-01
1.044458020520378128e+01
8.752667423469059571e+00
9.231454133987426758e-01
6.002895832061767578e-01
1.044458020015225586e+01
7.238161377738931535e+00
5.768650770187377930e-01
8.997117280960083008e-01
1.044458015054128630e+01
8.033042111582801681e+00
4.231476783752441406e-01
6.002888083457946777e-01
1.044458020340790583e+01
8.199507901914039110e+00
7.686106115579605103e-02
8.997114896774291992e-01
1.044458017573611386e+01
8.635975516647111050e+00
9.231245517730712891e-01
1.100284695625305176e+00
1.044458004782974569e+01
5.928289240661881010e+00
9.138085246086120605e-01
1.132203266024589539e-01
1.034393669323078768e+01
6.850491129387680900e+00
2.500000000000000000e-01
3.749130070209503174e-01
8.499999609320795457e+00
7.460856711953643305e+00
5.861918926239013672e-01
1.131941229104995728e-01
1.034393654306683175e+01
8.581560401284077599e+00
4.138093590736389160e-01
8.867753744125366211e-01
1.034393668973379121e+01
9.334681276620733215e+00
8.618510514497756958e-02
8.867147564888000488e-01
1.034393578305981087e+01
7.936704566924462689e+00
4.138063192367553711e-01
3.867797255516052246e-01
1.034393669069019950e+01
8.401971503506684869e+00
9.138538241386413574e-01
1.132254451513290405e-01
1.034393614083187529e+01
8.630133625980379364e+00
9.142938852310180664e-01
6.132175922393798828e-01
1.034387060212500664e+01
8.619112810379574441e+00
5.862092971801757812e-01
6.132140159606933594e-01
1.034393658831347729e+01
7.207928146893978649e+00
8.618850260972976685e-02
3.867504596710205078e-01
1.034393651037560247e+01
7.157180715485034206e+00
5.861907005310058594e-01
6.132204532623291016e-01
1.034393669347882216e+01
9.810288002014253550e+00
9.138074517250061035e-01
6.132193803787231445e-01
1.034393669212667533e+01
5.860456262966478036e+00
4.138103425502777100e-01
8.867540955543518066e-01
1.034393655343754226e+01
9.475940775324094290e+00
4.138121306896209717e-01
3.867370486259460449e-01
1.034393630256749397e+01
7.006878067296927526e+00
8.619048446416854858e-02
3.867796957492828369e-01
1.034393669348090228e+01
8.047521312781787728e+00
4.138116240501403809e-01
8.867793679237365723e-01
1.034393669219725709e+01
8.408302418532699107e+00
5.861907601356506348e-01
6.132203936576843262e-01
1.034393669347084455e+01
7.873117945973264753e+00
9.138128757476806641e-01
1.132559999823570251e-01
1.034393641920025786e+01
6.216133739630212318e+00
1.086190581321716309e+00
3.867798149585723877e-01
1.034393669346887989e+01
5.776401939344973258e+00
9.138081669807434082e-01
6.132048964500427246e-01
1.034393664080525710e+01
9.795587513627323162e+00
4.018113017082214355e-01
8.707392811775207520e-01
7.515459627157246913e+00
4.787040251976893757e+00
1.030622571706771851e-01
8.801739811897277832e-01
8.239355352375202557e+00
6.406445772642264558e+00
4.018104076385498047e-01
3.707578182220458984e-01
7.515459676015338708e+00
4.581069484529625591e+00
8.969311714172363281e-01
1.196551099419593811e-01
8.239349656963344870e+00
6.936556573393517944e+00
5.981875061988830566e-01
1.292436867952346802e-01
7.515459675629051262e+00
5.181679240980566092e+00
8.969206213951110840e-01
1.198274493217468262e-01
8.239355278141776040e+00
4.421610634423997155e+00
1.030972674489021301e-01
8.801729679107666016e-01
8.239355077159547847e+00
7.476125138347491372e+00
1.103038430213928223e+00
8.801699280738830566e-01
8.239355268096751672e+00
5.617391270271394177e+00
5.981773734092712402e-01
6.292385458946228027e-01
7.515459662094460036e+00
5.862489787531260710e+00
4.018063545227050781e-01
3.707596659660339355e-01
7.515459671207881165e+00
7.203862695421169526e+00
4.018139541149139404e-01
-1.292158216238021851e-01
7.515459613187886134e+00
5.730515653085585193e+00
1.103050231933593750e+00
3.802459537982940674e-01
8.239354277178216890e+00
5.909046285996676140e+00
4.018125236034393311e-01
8.707755208015441895e-01
7.515459651302648147e+00
6.802171674713972216e+00
8.969405889511108398e-01
1.198286861181259155e-01
8.239355355107685241e+00
7.614882953059973758e+00
1.103051900863647461e+00
3.801710009574890137e-01
8.239355343748206550e+00
5.552641343332403778e+00
8.969405889511108398e-01
1.198299229145050049e-01
8.239355354826448874e+00
5.055303836843862086e+00
5.981830954551696777e-01
6.291906237602233887e-01
7.515459404720427727e+00
4.840322233023048426e+00
1.103055596351623535e+00
8.801396489143371582e-01
8.239355163949493743e+00
5.980827832523026188e+00
8.969453573226928711e-01
6.195358633995056152e-01
8.239339120398257776e+00
6.683704310435558682e+00
4.018120467662811279e-01
8.707520961761474609e-01
7.515459669744221749e+00
5.233066799857586382e+00
3.890040516853332520e-01
3.574313223361968994e-01
1.173973740993736925e+01
1.146842524020219756e+01
6.109545230865478516e-01
6.425709128379821777e-01
1.173973749185950766e+01
1.160936473425562454e+01
7.301938533782958984e-02
8.957757949829101562e-01
1.352481286093119550e+01
1.214881031601261974e+01
6.109660267829895020e-01
6.425956487655639648e-01
1.173973748270875639e+01
1.066798189915320272e+01
3.890306353569030762e-01
-1.425252556800842285e-01
1.173973740591651627e+01
1.099871399585627429e+01
7.301907986402511597e-02
8.956279754638671875e-01
1.352481738688688218e+01
1.153316316099933658e+01
6.109670996665954590e-01
6.425624489784240723e-01
1.173973750560400475e+01
1.058103787209914870e+01
7.302197813987731934e-02
8.956413269042968750e-01
1.352481746074175106e+01
9.468086225650688803e+00
9.269737601280212402e-01
1.043548285961151123e-01
1.352481745626375620e+01
1.139834334936129068e+01
2.500756978988647461e-01
2.027258276939392090e-01
1.099999961199813114e+01
1.066602123228102883e+01
6.109813451766967773e-01
6.425770521163940430e-01
1.173973748311355081e+01
1.094164538777057416e+01
7.500475645065307617e-01
9.801346659660339355e-01
1.099999994964676198e+01
1.038179526663642882e+01
9.269784092903137207e-01
1.043548583984375000e-01
1.352481746467772972e+01
1.236924216867513593e+01
7.302154600620269775e-02
8.956450223922729492e-01
1.352481746467842250e+01
1.115076733762094996e+01
2.500001192092895508e-01
5.466714501380920410e-01
1.099999999999927702e+01
1.099477141372303279e+01
2.500320971012115479e-01
8.521897345781326294e-02
1.099999991441186076e+01
1.094358928033690326e+01
3.890340328216552734e-01
3.573278188705444336e-01
1.173973702789562878e+01
1.134283203235509419e+01
7.303501665592193604e-02
3.956476747989654541e-01
1.352481739542472106e+01
1.124038103489633400e+01
1.073012948036193848e+00
3.956417441368103027e-01
1.352481743505077105e+01
1.094191169893152349e+01
7.302165031433105469e-02
8.956450223922729492e-01
1.352481746467525170e+01
1.100000058176495088e+01
9.277877211570739746e-01
5.966198444366455078e-01
1.145064229872890138e+01
8.079511732313200412e+00
7.220539450645446777e-02
9.033652544021606445e-01
1.145064224370654138e+01
8.829613451918332245e+00
7.221438735723495483e-02
4.033776819705963135e-01
1.145064229588306048e+01
1.060574122754563220e+01
4.413049817085266113e-01
6.064437627792358398e-01
1.055666602690797262e+01
9.392169095668947421e+00
7.221711426973342896e-02
4.033901691436767578e-01
1.145064227084131048e+01
9.755173315191459693e+00
4.412791728973388672e-01
6.064977645874023438e-01
1.055666581971713924e+01
8.841853886040956567e+00
9.277877211570739746e-01
9.662023931741714478e-02
1.145064229874011019e+01
1.143163016166317369e+01
7.221163809299468994e-02
4.033787846565246582e-01
1.145064229845993786e+01
1.071542143018047710e+01
1.072194576263427734e+00
4.033753573894500732e-01
1.145064222022471867e+01
5.583585086702378852e+00
5.587775111198425293e-01
3.935840427875518799e-01
1.055666564282041087e+01
9.712008085802635193e+00
7.224014401435852051e-02
4.033957421779632568e-01
1.145064206737357004e+01
7.552558277458572000e+00
7.227791100740432739e-02
9.033775925636291504e-01
1.145064116432240553e+01
1.003730824660990351e+01
9.278079867362976074e-01
5.966777205467224121e-01
1.145064149338800519e+01
9.212307685691865089e+00
9.277870059013366699e-01
9.661496430635452271e-02
1.145064229256168709e+01
9.739018491970092839e+00
9.277876019477844238e-01
9.662259370088577271e-02
1.145064229723828397e+01
1.094707313970530826e+01
7.222104817628860474e-02
9.033814072608947754e-01
1.145064227836916615e+01
9.672270887243525905e+00
7.222294062376022339e-02
4.034363329410552979e-01
1.145064155815536466e+01
1.056184834914452964e+01
7.225335389375686646e-02
4.033893346786499023e-01
1.145064186458556144e+01
9.111464396784704434e+00
7.221516221761703491e-02
-9.660868346691131592e-02
1.145064226783776462e+01
9.302353674300023911e+00
7.221498340368270874e-02
4.033805131912231445e-01
1.145064229661229582e+01
9.133796750815880827e+00
7.971631735563278198e-02
-1.001961007714271545e-01
9.888275488689137305e+00
7.100183900985211238e+00
7.971045374870300293e-02
-1.001918092370033264e-01
9.888275492400817157e+00
6.794290733041309593e+00
4.312424957752227783e-01
9.766677021980285645e-02
9.463492738356563905e+00
6.924571832694313755e+00
9.202893972396850586e-01
1.100184321403503418e+00
9.888275459468982120e+00
7.020785956573818432e+00
4.313206970691680908e-01
5.976948738098144531e-01
9.463493222718764031e+00
7.327549947800280350e+00
7.971389591693878174e-02
-1.001756116747856140e-01
9.888275389906521440e+00
5.259924835883866834e+00
7.970818877220153809e-02
3.998008072376251221e-01
9.888275502272014350e+00
8.429193683185742358e+00
7.972832769155502319e-02
3.998046219348907471e-01
9.888275419056787641e+00
7.693959438644945692e+00
4.312939345836639404e-01
5.976867079734802246e-01
9.463493391443629221e+00
7.913735138069343478e+00
9.202906489372253418e-01
6.001979112625122070e-01
9.888275502082294111e+00
7.300614055543368508e+00
9.202757477760314941e-01
1.001956090331077576e-01
9.888275449462380351e+00
5.082617847292799418e+00
5.686964392662048340e-01
4.022747278213500977e-01
9.463493147374936854e+00
7.138260357742769457e+00
5.687115192413330078e-01
9.023150205612182617e-01
9.463493383407735493e+00
8.534633134686856692e+00
4.312952756881713867e-01
5.976884365081787109e-01
9.463493390995976640e+00
8.663185314312823238e+00
-7.971946895122528076e-02
6.001763939857482910e-01
9.888275384773319132e+00
6.568191462252025659e+00
7.970943301916122437e-02
8.998073935508728027e-01
9.888275494819989575e+00
9.139156214015303092e+00
4.312939643859863281e-01
5.976859331130981445e-01
9.463493391277491895e+00
7.505857086838437553e+00
4.312958121299743652e-01
5.976939201354980469e-01
9.463493383564461681e+00
7.279975480728846371e+00
4.312939345836639404e-01
9.768681973218917847e-02
9.463493391450555237e+00
6.000748698731802833e+00
9.202833175659179688e-01
1.001925319433212280e-01
9.888275482690398022e+00
7.032795954289665197e+00
4.117558300495147705e-01
1.102119833230972290e-01
9.711421523649150345e+00
7.221566793034667420e+00
8.824742585420608521e-02
3.897422254085540771e-01
9.711422035521692919e+00
7.378472952395071616e+00
9.117674827575683594e-01
6.102892756462097168e-01
9.711421896004383214e+00
6.880532197269823236e+00
9.117569327354431152e-01
6.102266311645507812e-01
9.711421789053780174e+00
7.332171447618429205e+00
9.117688536643981934e-01
1.103061959147453308e-01
9.711421640991368065e+00
9.204930651373041783e+00
5.882385969161987305e-01
3.897374272346496582e-01
9.711422055591935276e+00
4.560881261658025210e+00
-8.823823928833007812e-02
1.102621778845787048e-01
9.711422055574999490e+00
7.110992721696272945e+00
5.882402658462524414e-01
-1.102507188916206360e-01
9.711422028190192179e+00
5.678732690888223189e+00
9.117584824562072754e-01
1.110242605209350586e+00
9.711421975000444462e+00
6.177379030758565648e+00
8.823868632316589355e-02
8.897441029548645020e-01
9.711422047390042778e+00
7.678626801801248902e+00
5.882402658462524414e-01
8.897387385368347168e-01
9.711422055026213584e+00
7.441333689876242552e+00
4.117642939090728760e-01
1.102589443325996399e-01
9.711422050814221052e+00
9.663771328589055187e+00
5.882392525672912598e-01
8.897413015365600586e-01
9.711422053194029402e+00
7.624296919201591471e+00
4.117666482925415039e-01
1.103036776185035706e-01
9.711421688949872788e+00
5.157955935131088410e+00
8.823880553245544434e-02
3.897381126880645752e-01
9.711422055635313910e+00
6.819864032022529443e+00
4.118497669696807861e-01
1.102605536580085754e-01
9.711420175799203136e+00
7.746535987640947418e+00
9.117537140846252441e-01
1.110231637954711914e+00
9.711421854150987798e+00
7.285769909330727323e+00
4.117543697357177734e-01
1.102206259965896606e-01
9.711421689425954185e+00
9.136075811382019296e+00
9.117496013641357422e-01
6.102604866027832031e-01
9.711422023725884145e+00
5.805551399928047474e+00
8.829382807016372681e-02
3.897489905357360840e-01
9.711421334037261488e+00
9.192691532670178134e+00
