9.998151319853455510e-01
9.148901540043777869e-01
9.714134217366308111e-01
9.998861614818973509e-01
9.998770719967546849e-01
9.998767115826637797e-01
6.790847725610553720e-01
3.892825039490919181e-01
7.037048197497631774e-01
7.095819111040924110e-01
7.242591190304582538e-01
7.770447908990211205e-01
7.399331103717611269e-01
7.847637038219908989e-01
7.524292818653146586e-01
7.910312031193732496e-01
7.226062831680881704e-01
7.734610082455265490e-01
8.113558547685949529e-01
7.397860502434082663e-01
7.827675039984832717e-01
7.266139100826730646e-01
7.531341181557704711e-01
7.903873329896575761e-01
8.209761701634360476e-01
7.639271174556574451e-01
7.968284463823108732e-01
7.873983629268107576e-01
7.548752816953953060e-01
7.917559764292486646e-01
8.219177438038685057e-01
4.243532252081863576e-01
7.667255816737778007e-01
7.992181138020059139e-01
8.006880193360985665e-01
7.100795271361235450e-01
7.763804741244375585e-01
8.054967087695894534e-01
8.304444835972821792e-01
8.515351346285243705e-01
7.774746837117606502e-01
8.064685719011447373e-01
8.312453229126868237e-01
8.521149127074033602e-01
8.688734269286572109e-01
7.862758344673330679e-01
8.125339749821471891e-01
8.353008773324082092e-01
7.776744031520312905e-01
7.094660274327312388e-01
7.944046218632702105e-01
8.183891078040858025e-01
8.394022705780612714e-01
8.577891928538583510e-01
8.736209384916904241e-01
4.451724106553096028e-01
9.366674642785769445e-01
9.998225150712076736e-01
9.973325026487622758e-01
9.914292817214230835e-01
9.741946779719400373e-01
9.657926991063767730e-01
9.500783877977454495e-01
7.827699008859100305e-01
9.172666294829979750e-01
8.018625889511087346e-01
9.063109974602977514e-01
9.030955126556168278e-01
9.069851881639920954e-01
9.276913314282597689e-01
9.129077222231946065e-01
9.429005403867539714e-01
8.716066324016300548e-01
8.633925449392223506e-01
8.326769593707363804e-01
8.534015331791569015e-01
8.685196793133265203e-01
7.742215808881455219e-01
8.493486525541411591e-01
8.743821168312708725e-01
8.905855885881731604e-01
8.518967409016985348e-01
8.802318035002684171e-01
8.615585562779439766e-01
8.310586795163512619e-01
8.546472974579626403e-01
8.695425810914162446e-01
6.895403046471476616e-01
8.242954115296571294e-01
8.508446282100858848e-01
8.440110379761129877e-01
6.705899139896208672e-01
8.248911319220105787e-01
8.516998345180272212e-01
8.738239886367846765e-01
8.472196618693573766e-01
8.157638261901769550e-01
8.420537697311837322e-01
8.636650088399926428e-01
8.365138525304736117e-01
7.122765480167003727e-01
8.150894561513870595e-01
8.402750407612556982e-01
8.617274193321294851e-01
7.804427720475710650e-01
6.557820261108644466e-01
8.135047159247410509e-01
8.370633904190613039e-01
8.575278216075000737e-01
8.645661605263172955e-01
8.467759700471786388e-01
6.774553800168910955e-01
9.078741720127595505e-01
8.535590732195112995e-01
9.999992121128224998e-01
9.386812147155689789e-01
9.690173397763509611e-01
9.386420921218743274e-01
6.667836730971985482e-01
5.005234325892128355e-01
7.921214742507154405e-01
8.062054707153056832e-01
7.177348031901501502e-01
6.845760578776630689e-01
7.666368453013433504e-01
8.130361159469605692e-01
7.456179217587245445e-01
7.546766136640693512e-01
9.191357952113008434e-01
8.980964448682502432e-01
8.521061805115933696e-01
8.405214370249600719e-01
8.893071668437435573e-01
8.254657488244593333e-01
8.899568468254415166e-01
9.045471506043241128e-01
9.089843135908343141e-01
8.679172209572422192e-01
9.052507586652774885e-01
8.944915921851270824e-01
7.550768818319442133e-01
7.624755811382305515e-01
7.609065527857360456e-01
6.275550096777359199e-01
8.018295127319874371e-01
8.357630228401207173e-01
8.372533879961998604e-01
7.495269850276380375e-01
7.765532601042116623e-01
7.956377972688971623e-01
8.099311430520849120e-01
7.781907382842876419e-01
8.484601500133044372e-01
8.700508379461121544e-01
8.864218039204978528e-01
8.563588207710193245e-01
7.346130043186669401e-01
8.222403638374955470e-01
8.496748849404190951e-01
8.734570946152135917e-01
8.131927161082603828e-01
7.418970000008220378e-01
7.945460584853621944e-01
8.151226724533470192e-01
8.325522119699773071e-01
8.330638694190021232e-01
8.015669340928224251e-01
6.644747427397862394e-01
9.998099700403059176e-01
9.032121691794094964e-01
9.714160470100983158e-01
9.998634627516457263e-01
9.998736508206240714e-01
9.998732413557590570e-01
6.534075778397749890e-01
3.598884704233318299e-01
6.902893249669305176e-01
7.095910515033742039e-01
7.104195828819582781e-01
7.621834326850727148e-01
7.258150755201452364e-01
7.698125488725979793e-01
7.380727563755034026e-01
7.759381107118263898e-01
7.226195927714286205e-01
7.734674877846966501e-01
8.113544984857796738e-01
7.397715042852871514e-01
7.827747203763674166e-01
7.266415950296096771e-01
7.531410793763293476e-01
7.903946136989560278e-01
8.209837068396970139e-01
7.639341222531524922e-01
7.968357874424850662e-01
7.874056512752016790e-01
7.548316720477546982e-01
7.917102112343159526e-01
8.218702093194966141e-01
4.237486355506661084e-01
7.667034573890589844e-01
7.991950866171819712e-01
8.006649845535802612e-01
7.238226582812488097e-01
7.763580141091497300e-01
8.054734063855298887e-01
8.304204594305890641e-01
8.515019820211395807e-01
7.774747306407718828e-01
8.064686205196964774e-01
8.312453729625084442e-01
8.521064488789862335e-01
8.688387106307867702e-01
7.862758240763507711e-01
8.125339642973415932e-01
8.353008664028982455e-01
7.776967947264983305e-01
7.095477692558903593e-01
7.944045529154810659e-01
8.183890367745068062e-01
8.394021977245722521e-01
8.577890915571511066e-01
8.736207532968508493e-01
4.446077134953253518e-01
9.997803785497400009e-01
9.094925507285402944e-01
9.714357729166528399e-01
9.998552402259767158e-01
9.998540564448967771e-01
9.998535336122634787e-01
6.672598448473655575e-01
3.760087411927315326e-01
6.975720024484144410e-01
7.096308306726994974e-01
7.178869016724752639e-01
7.701523389472454406e-01
7.334315951748457962e-01
7.778772262980242491e-01
7.458177826612664152e-01
7.840803296657097299e-01
7.227063207815591639e-01
7.735146001670254456e-01
8.113559245057397895e-01
7.398286771148391283e-01
7.828217098650803729e-01
7.266726770094366072e-01
7.531864425240537564e-01
7.904420639555654882e-01
8.210328306604863791e-01
7.639800056527236150e-01
7.968836231892484356e-01
7.874528974002855675e-01
7.548577261337384714e-01
7.917373811542868234e-01
8.218982512053488731e-01
4.244830437405663348e-01
7.667168424000337934e-01
7.992090149905457519e-01
8.006789146280987035e-01
7.164108557841455394e-01
7.763714356520772242e-01
8.054873308683121458e-01
8.304348147667975910e-01
8.514666362668870114e-01
7.774750415131940207e-01
8.064689425823198254e-01
8.312457045043541992e-01
8.520566830408806691e-01
8.686344679379496281e-01
7.862760047598391644e-01
8.125341509720425126e-01
8.353010582641371418e-01
7.776835965470709766e-01
7.094991160222043902e-01
7.944046003764207997e-01
8.183890856674563841e-01
8.394022478719653790e-01
8.577889734536929822e-01
8.736201155897200810e-01
4.454493897406460179e-01
9.997335652362681069e-01
9.086924980588084733e-01
9.714652367074635420e-01
9.998194740335371034e-01
9.998230913537862197e-01
9.998223096258807008e-01
6.655626598127709626e-01
3.739364248005404012e-01
6.967491938538413754e-01
7.096769200963758406e-01
7.169686148992949759e-01
7.690952966042147176e-01
7.324987023172460088e-01
7.768930699711581456e-01
7.448688449154111657e-01
7.830824207780077151e-01
7.228396374761602017e-01
7.735856017136701901e-01
8.113551389677107206e-01
7.398918892134878078e-01
7.828939010114892572e-01
7.267446152663121772e-01
7.532562178476567283e-01
7.905150012094206424e-01
8.211082900078937596e-01
7.640504843882276464e-01
7.969571553221954652e-01
7.875255770746057982e-01
7.548474058054363001e-01
7.917262665064561666e-01
8.218864119931200696e-01
4.244433753859048197e-01
7.667118815254745368e-01
7.992038619101221597e-01
8.006737701309947219e-01
7.172892722630117568e-01
7.763661108070762928e-01
8.054818054373605873e-01
8.304291172843110136e-01
8.513823645461566780e-01
7.774756101158551980e-01
8.064695314978869156e-01
8.312463105938556751e-01
8.519788227563527272e-01
8.683146497015684639e-01
7.862762744537483695e-01
8.125344297242975689e-01
8.353013448801381857e-01
7.776891013891038540e-01
7.095184745165025175e-01
7.944045643560160297e-01
8.183890485570711748e-01
8.394022098062010606e-01
8.577886221461974436e-01
8.736188032799215852e-01
4.455806709553296052e-01
5.000190664826759113e-01
7.578081079925176322e-01
6.475356768057710655e-01
7.500352730772131826e-01
6.666697715160224691e-01
7.083686345278314977e-01
9.999997589620623906e-01
9.375248306811100329e-01
8.711889571658599785e-01
8.865728516011669447e-01
9.866772217274327739e-01
9.626938170753449597e-01
9.163704192027788409e-01
9.718775912299555397e-01
9.784756711426104703e-01
9.796717329137982766e-01
7.220598137575984232e-01
6.765005400327507301e-01
6.084730547863678174e-01
8.319586549778799078e-01
8.802806824448429213e-01
8.171181702099997723e-01
7.528379998085250602e-01
7.406758102048610626e-01
7.180280794055932114e-01
8.113918778403079735e-01
8.463274982783929312e-01
8.363017821715518219e-01
9.436185186787606760e-01
9.402175176938445400e-01
9.246459645219081702e-01
8.467376728772381123e-01
8.625685389205076659e-01
8.991127498688035180e-01
9.007563777513085679e-01
8.062716431665960526e-01
9.219913619492255963e-01
9.313798333910405791e-01
9.342577700227885362e-01
9.050899639169975863e-01
7.774514778947729798e-01
7.812252338389995554e-01
7.792323775342334669e-01
7.458056638821702888e-01
6.525584774117583198e-01
8.354329613601740867e-01
8.633295991927150137e-01
8.875165547661204579e-01
8.262859802085318339e-01
7.538145217635996431e-01
8.937590416526902670e-01
9.079437083714980705e-01
9.181281476511526929e-01
9.114231638736978169e-01
8.736373911256256619e-01
7.761608002175214294e-01
5.000037956221474733e-01
7.409437720122054039e-01
6.475469417881021261e-01
7.654483798995367350e-01
6.666885438658940455e-01
7.325386324802692917e-01
9.629293963525541455e-01
9.999996348272114366e-01
8.518343992294562517e-01
8.669160011721376291e-01
9.833277391250124788e-01
9.983436951883584154e-01
8.960199105482958837e-01
9.502994545064845644e-01
9.847880740656664855e-01
9.966062907443380414e-01
7.221069907626306295e-01
7.159502871486926878e-01
6.912156307811107014e-01
8.490911606672014722e-01
8.984145358467190423e-01
8.339566757056728896e-01
7.528952899756242712e-01
7.511178594112821738e-01
7.396579764375341703e-01
8.391144506346827070e-01
8.752358706395031440e-01
8.648599596033665904e-01
9.785455052659878250e-01
9.872543912661096988e-01
9.842744983114768420e-01
9.617378641223409685e-01
8.803397191829542834e-01
9.176288397494831717e-01
9.192983040408386763e-01
8.228854218711892932e-01
9.681117438514579288e-01
9.778921681463913496e-01
9.808315719494080653e-01
9.710560271052033343e-01
7.775190083134629893e-01
7.799559711467174417e-01
7.765436612778700010e-01
7.612529361711537490e-01
7.269661511931361231e-01
8.639855272563167210e-01
8.928240256034253308e-01
9.178254080717164198e-01
8.545035453975984296e-01
7.795766957735295044e-01
9.513855729798051941e-01
9.621375939546612521e-01
9.684082253318664346e-01
9.660821149885421288e-01
9.503623251735696664e-01
9.150555868861307562e-01
8.184530776905272198e-01
9.480845633124025396e-01
9.762259168522221531e-01
9.761711520615953264e-01
9.538950576595356390e-01
9.367273793412627114e-01
9.939072551233473218e-01
9.677319463677739320e-01
9.998493536103695289e-01
9.079474757252324890e-01
9.983021068750802529e-01
9.797136947870330737e-01
9.954244671934081579e-01
9.843641311612740807e-01
9.930385670715263791e-01
9.885230991168536541e-01
9.952528379617949783e-01
9.735888082047569059e-01
9.250179685463028045e-01
9.872116284410739073e-01
9.727438502597988146e-01
8.362878656806511657e-01
9.798816767208490264e-01
9.724390679463065235e-01
9.519978700472840893e-01
9.742596388579628508e-01
9.727692602436551761e-01
9.183207613920163492e-01
9.749748800230351176e-01
9.665812642043688507e-01
9.452408894124759708e-01
8.858494532435923219e-01
9.646747698554039019e-01
9.619598616911152478e-01
9.200527006958743037e-01
7.662129501262981979e-01
9.568301356144953695e-01
9.588421349851625752e-01
9.536186871168538248e-01
9.256494313278267327e-01
9.522337239602591819e-01
9.538319278971590931e-01
9.481812956574067197e-01
9.197599760063019936e-01
8.510337174345006250e-01
9.427659035302138335e-01
9.479091361248044301e-01
9.473901488896404599e-01
8.450659020903417140e-01
7.157748046796443830e-01
9.320559209346302998e-01
9.397418166589818211e-01
9.428911375365910397e-01
9.321062003624488446e-01
8.969223830374054574e-01
8.216008134478107738e-01
3.049430835641578907e-01
5.539641189229546070e-01
4.819047130875097062e-01
5.592157814380031011e-01
5.240259861601008762e-01
5.436606219519274363e-01
8.117750200568806251e-01
4.274649237749318376e-01
7.304862286760775980e-01
9.998479074591549720e-01
8.199710186267848977e-01
7.246760456191130295e-01
7.990309284530759948e-01
9.350044960506571634e-01
8.344815956238915700e-01
8.280401871143395764e-01
6.343812061535919478e-01
5.232879477570413496e-01
3.854361993642216322e-01
7.196530741976719936e-01
8.495830378813330475e-01
8.704354725297507311e-01
6.929085726547914437e-01
6.775299046627498711e-01
6.521764880483980065e-01
7.253297086835439611e-01
7.845073078823092683e-01
8.028310117080729169e-01
8.060037240034448880e-01
7.956266381078663796e-01
7.742846174810815718e-01
4.844667069608680210e-01
7.781970180976331974e-01
8.392080136901070020e-01
8.688353508063220154e-01
9.256882294209747286e-01
8.108623674151917982e-01
8.255031536966899175e-01
8.348135746283409375e-01
7.581854697787866471e-01
7.480789674776767706e-01
7.601887779927275490e-01
7.672708121860080110e-01
6.886108703581395041e-01
4.362343262553947665e-01
7.797050908139526726e-01
8.146218333836606762e-01
8.465740325483034345e-01
8.381882727034097869e-01
8.860696721019681865e-01
8.111631203765998777e-01
8.306626709361404348e-01
8.468719205211368006e-01
8.346382062595341100e-01
7.666406715092872748e-01
4.853162419465581467e-01
4.999951435006710909e-01
7.517021395707447207e-01
6.475266258675972386e-01
7.690954812779189353e-01
6.666650299374111688e-01
7.322536168488389396e-01
9.866024416098665428e-01
9.750294050594490169e-01
8.641928768873528011e-01
8.795087577249118826e-01
9.999997273271726828e-01
9.845744415567858621e-01
9.090165144049984214e-01
9.640989892702837016e-01
9.977117553122659688e-01
9.910991654204363011e-01
7.220741762893487792e-01
6.841276795027930735e-01
6.244644583827629880e-01
8.531263185418777040e-01
9.026996009744104876e-01
8.379486982004423767e-01
7.528581431866541163e-01
7.318299993210413135e-01
6.996298043754167750e-01
8.387772295917145238e-01
8.748975292168439388e-01
8.645388669534791459e-01
9.868176536952615319e-01
9.766419109201547322e-01
9.532341346009680638e-01
8.998690692299720073e-01
8.845203710253168872e-01
9.220001090399504440e-01
9.236910861162969111e-01
8.268287936172552532e-01
9.720405091701085354e-01
9.704570014007423140e-01
9.612983262228844694e-01
9.331566255714143221e-01
7.774776175167127379e-01
7.683877262250966567e-01
7.527406126207080161e-01
7.189682018289488274e-01
6.539327215374425295e-01
8.636352493622938553e-01
8.924732083265001226e-01
9.174762320296078189e-01
8.541889516788814252e-01
7.792989273146808671e-01
9.507200664065493800e-01
9.546773055672328478e-01
9.538077466513623648e-01
9.405795453638737813e-01
9.065200900802815598e-01
8.401428523318283936e-01
5.000200252036156590e-01
7.396720640409243375e-01
6.475463087271606799e-01
7.702623210677100873e-01
6.666788325000148063e-01
7.398066721376541643e-01
9.601108149430138683e-01
9.983230328891409266e-01
8.503490848061023843e-01
8.654134948028959773e-01
9.869806848358037010e-01
9.999997159573477123e-01
8.944475966138197842e-01
9.486455610058307508e-01
9.913273995268234717e-01
9.995822984109173914e-01
7.220821409768991561e-01
7.136501753579896912e-01
6.864161684875070835e-01
8.544063189708834827e-01
9.040523771577917422e-01
8.392029520291535150e-01
7.528591499745447280e-01
7.471494652942290982e-01
7.314534167498906170e-01
8.474142252664238484e-01
8.839074289880300972e-01
8.734430481167452243e-01
9.894224703433188717e-01
9.947241599956242464e-01
9.879401723951916070e-01
9.637564512775068648e-01
8.858400397623142908e-01
9.233766259024723810e-01
9.250710591362198976e-01
8.280625934837485547e-01
9.821566648525695831e-01
9.880779490386212283e-01
9.868111269415954512e-01
9.738836205216029329e-01
7.774711211676225142e-01
7.755150882274154389e-01
7.674402238984990854e-01
7.486091426891651190e-01
7.134039130082190372e-01
8.725205726287353913e-01
9.016573423324426573e-01
9.269198405515675088e-01
8.629817647091999611e-01
7.873188454364489219e-01
9.686810785382289346e-01
9.757544743477533089e-01
9.780660676882747540e-01
9.722195069744207219e-01
9.541789653867572829e-01
9.190317893747310674e-01
7.850636972591146234e-01
9.210020708715143112e-01
9.566524553178179513e-01
9.620239437798726589e-01
9.432130626197844370e-01
9.277621130415610873e-01
9.788623137541372365e-01
9.770371730757108075e-01
9.941885111993328250e-01
9.153465300678613747e-01
9.989370528769527802e-01
9.860985091624056009e-01
9.998837097304792421e-01
9.891326603760374203e-01
9.994928164041135821e-01
9.916998850179451486e-01
9.998184742421990512e-01
9.842033472843022546e-01
9.421651878111482192e-01
9.985482382907657772e-01
9.847785803125642667e-01
8.474958920825792497e-01
9.953362010763808776e-01
9.850201572723954468e-01
9.612871852399871297e-01
9.919021040763668084e-01
9.853093377699618793e-01
9.249195837962392863e-01
9.933458602379501290e-01
9.822043674280140912e-01
9.576748533942122110e-01
9.079341424930428284e-01
9.873196400394309569e-01
9.796824951940553694e-01
9.319152228618278189e-01
7.795076163004382996e-01
9.817593928715947493e-01
9.776176003086236577e-01
9.656674111140464145e-01
9.371681062961422226e-01
9.792375438994070924e-01
9.747454369030091881e-01
9.624219236230417973e-01
9.335223280847699812e-01
8.778218331625610160e-01
9.721001567153525480e-01
9.706251342099528889e-01
9.629318606538819214e-01
8.564776110654490626e-01
7.310853128402107215e-01
9.637391213629123987e-01
9.647580524370338306e-01
9.607304153343246833e-01
9.455035632930762768e-01
9.120774709025948335e-01
8.515225944179584117e-01
7.638711172225083335e-01
9.005110068439468041e-01
9.388394106237429870e-01
9.467029941409457194e-01
9.300126826381885925e-01
9.160016036953865237e-01
9.620518873109731306e-01
9.977302591468214521e-01
9.809989707808500770e-01
9.312415816996630902e-01
9.886064976367187063e-01
9.998352761588025217e-01
9.916613440681375513e-01
9.998740607347690323e-01
9.927416902656128750e-01
9.997623291509694088e-01
9.906962886103940491e-01
9.993575504916004659e-01
9.842203466707890591e-01
9.925541951486563930e-01
9.980220620560390499e-01
8.779705861537362432e-01
9.916286487000554040e-01
9.964122338698567782e-01
9.889946553089761228e-01
9.897907432906889458e-01
9.949470661343947642e-01
9.461431572044453064e-01
9.906452264317632261e-01
9.946864959470331780e-01
9.865306208288625589e-01
9.605446016422815037e-01
9.870153795459621904e-01
9.912450769310876542e-01
9.554006568163107005e-01
8.155823659072877208e-01
9.831281077566759175e-01
9.881780106139450570e-01
9.859783579480655424e-01
9.718381214598459383e-01
9.814020441253322735e-01
9.861421697172789713e-01
9.836014643084085574e-01
9.690867726092337042e-01
9.367765789545225985e-01
9.759873622422016171e-01
9.816262216995915724e-01
9.814209524819949015e-01
8.834066676353106162e-01
7.700471064220916206e-01
9.693822751982937858e-01
9.758498271136086810e-01
9.775207550705633519e-01
9.708510665877636558e-01
9.516454639713826102e-01
9.147823556838308168e-01
5.000450927078686769e-01
7.454612591997246129e-01
6.475614392950400644e-01
7.735087512370838470e-01
6.666859367767197231e-01
7.412292008537180177e-01
9.728099082393724117e-01
9.810755106518399549e-01
8.569859371932309067e-01
8.721133003431441599e-01
9.972913151816928945e-01
9.891582011538064823e-01
9.014193569341388823e-01
9.560055898849855183e-01
9.999996730348951202e-01
9.936367779544489354e-01
7.220796846296004823e-01
6.916536839477110954e-01
6.402535527233723656e-01
8.579876402765320709e-01
9.078073727099577050e-01
8.426566413913542108e-01
7.528470199687410380e-01
7.319517165328834896e-01
6.998947853258494778e-01
8.490232451462911278e-01
8.855666754421859244e-01
8.750638121058603724e-01
9.967363673004022706e-01
9.871788930758598202e-01
9.643112863578614524e-01
9.194390508194435485e-01
8.895433975794492243e-01
9.272177901239181397e-01
9.289001171216040298e-01
8.314636395646159972e-01
9.875549970534323041e-01
9.832347786070396722e-01
9.710505304929454296e-01
9.441387180063660622e-01
7.774487126814052518e-01
7.650351521613649730e-01
7.458603690830081234e-01
7.128918442294084334e-01
6.578986792798328098e-01
8.741672805385630740e-01
9.033492788235306659e-01
9.286491466987828458e-01
8.645760982684502771e-01
7.887475067716364086e-01
9.720314409062147387e-01
9.720586269734197149e-01
9.669444437051750718e-01
9.516295575352498037e-01
9.202835349247493468e-01
8.657217902445020208e-01
4.998765366509661523e-01
7.394828180020065478e-01
6.474328576018392178e-01
7.719134139029193431e-01
6.666020512982480106e-01
7.422561299834866677e-01
9.598859130927662742e-01
9.963534503346479498e-01
8.502094189276132585e-01
8.653479827639930511e-01
9.887397627021689006e-01
9.995750538642521610e-01
8.943446982760592245e-01
9.485765872430101942e-01
9.940476776632353184e-01
9.999996812547898850e-01
7.220363361665758095e-01
7.112793930444243351e-01
6.814919316999260568e-01
8.563204557685775153e-01
9.061181696456208634e-01
8.411580945481501592e-01
7.528565896577567029e-01
7.446844906984168011e-01
7.263354612319004033e-01
8.503053548183663324e-01
8.869378239447479606e-01
8.764521535466522906e-01
9.933780977939929979e-01
9.964056560871537016e-01
9.871243369101007081e-01
9.607857261879105826e-01
8.878706400441203073e-01
9.255080772898175434e-01
9.272212555657181055e-01
8.300172529750214911e-01
9.871547785368267602e-01
9.909146734645644106e-01
9.873141310018473948e-01
9.721830564417194287e-01
7.775151522141473537e-01
7.732090651849824470e-01
7.626394076803389988e-01
7.414679156206969157e-01
7.043964329870745500e-01
8.755445814686700912e-01
9.047823296187883502e-01
9.301323784522794735e-01
8.659840660692945669e-01
7.900890207559156941e-01
9.747466357839619233e-01
9.798974544183212121e-01
9.801556500219054113e-01
9.722701483714550896e-01
9.523566064623131266e-01
9.157606774092299506e-01
7.886503394586857896e-01
7.812226188894099144e-01
9.590561369892958155e-01
8.591041900778658702e-01
9.446407009659840703e-01
8.591080903602014152e-01
6.666549728964742405e-01
6.250706024276762030e-01
8.310797067613644451e-01
8.458085950718730039e-01
7.175638541106884594e-01
6.846212069696674396e-01
8.271637012608811235e-01
8.772815784032667041e-01
7.454884244591383213e-01
7.257095578867348573e-01
9.999996253653262723e-01
9.849126229099550711e-01
9.434502379681641848e-01
8.818244890383933887e-01
9.330614028874384402e-01
8.661289672399894446e-01
9.943426220660172010e-01
9.850313387741710391e-01
9.623934952334065596e-01
9.106179698224098340e-01
9.498265898387877604e-01
9.385754810977054996e-01
7.548629418318796303e-01
7.331259152253815081e-01
7.002039886168570648e-01
6.429922536864497440e-01
8.650965974859657903e-01
9.017473991441254944e-01
9.033953274863492089e-01
8.086585993571104858e-01
7.763833183260923088e-01
7.657392019439756004e-01
7.484636926454092398e-01
7.151991404150691567e-01
9.769903578129256472e-01
9.736157178762445685e-01
9.624956729064820804e-01
9.344314354834956093e-01
8.787100103304551491e-01
8.871723044691463000e-01
9.167903286064282842e-01
9.424685732934030558e-01
8.774531342223820252e-01
8.005222227349255704e-01
7.944234288190414883e-01
7.914745963238112303e-01
7.841712460694099107e-01
7.660641105138810136e-01
7.298996899502496749e-01
6.663011110851692065e-01
7.523845218218545572e-01
7.592790883483218067e-01
9.299051065946181138e-01
8.349210323559478342e-01
9.240582051978413203e-01
8.348986417106097901e-01
6.667477015720116862e-01
6.738110182263502557e-01
8.250276992340114246e-01
8.396062928913814449e-01
7.176073572560850433e-01
7.131780557184953517e-01
8.311676399438708840e-01
8.815135275951817562e-01
7.455042191611925828e-01
7.415237701399468584e-01
9.873589680785440637e-01
9.999997261444957264e-01
9.893180875924659778e-01
8.753450057522705885e-01
9.261906350861265347e-01
8.597373252242628272e-01
9.918123083314245303e-01
9.983017432397226498e-01
9.927197245374501655e-01
9.038968333675329037e-01
9.428190940901816086e-01
9.316539900397018403e-01
7.548494744704926651e-01
7.490706879152828623e-01
7.333230417069482865e-01
7.034637670645452756e-01
8.692239361882729831e-01
9.060527696831350841e-01
9.077117443268949426e-01
8.125115439918813021e-01
7.763388479676093246e-01
7.738653611212508165e-01
7.652669440925559119e-01
7.469141641601309001e-01
9.853747462065571838e-01
9.904950450634929515e-01
9.883272210011738723e-01
9.754099921397733075e-01
9.472538274023052374e-01
8.913739333274719456e-01
9.211445860051579171e-01
9.469574930685241698e-01
8.816352805770588663e-01
8.043240284914093818e-01
7.943465949921925118e-01
7.949697228127835524e-01
7.914221687200718724e-01
7.808510279659683917e-01
7.598685116650927274e-01
7.244575865475814114e-01
7.133742693068889640e-01
7.355944801131704125e-01
8.930940346068186875e-01
8.089397832814668732e-01
8.948655245451754281e-01
8.089517319853537503e-01
6.666704223766294346e-01
7.021411460336223209e-01
8.125548316165810414e-01
8.269490993416117597e-01
7.175933057578842700e-01
7.319704487101981183e-01
8.276218088432408804e-01
8.777589843551460991e-01
7.455280181989629718e-01
7.535560047954389384e-01
9.615979355355571689e-01
9.912970436397653407e-01
9.999995261517086176e-01
8.621819641114426558e-01
9.122688378457814995e-01
8.468198232504018375e-01
9.747849624105107136e-01
9.925368522751537581e-01
9.993049053717628638e-01
8.903433901788931903e-01
9.286683974909959449e-01
9.176573956527961373e-01
7.549074128639602366e-01
7.612612632209410091e-01
7.585699173197236744e-01
7.461438650975840137e-01
8.655894080324141315e-01
9.022506470188493832e-01
9.038890345605067322e-01
8.090911729520110507e-01
7.764384257345785523e-01
7.814141940745360504e-01
7.807257021860739554e-01
7.732205055394143489e-01
9.779440067397602299e-01
9.902417969823823496e-01
9.957498186284519104e-01
9.934781463500679255e-01
9.816325986284493155e-01
8.876871763564221363e-01
9.173105354169572845e-01
9.429911642826074303e-01
8.779288433755908505e-01
8.009472809029377638e-01
7.944894028351289217e-01
7.994094140705285678e-01
8.003786438349336230e-01
7.962859860480316909e-01
7.856185501700908569e-01
7.666730618861746782e-01
7.683961365282674372e-01
9.062056072072287582e-01
9.449941867169483478e-01
9.530038896367204471e-01
9.362014917023663285e-01
9.220278101590372311e-01
9.685429970402972266e-01
9.792700104513197834e-01
9.878628260486747026e-01
9.173473562487560740e-01
9.956348086687770715e-01
9.879602980446942073e-01
9.987185978876573778e-01
9.905743840616058060e-01
9.997363054530585824e-01
9.926371938572915443e-01
9.978881318372339049e-01
9.875636689264229995e-01
9.513867214920030957e-01
9.998799446792424606e-01
9.888821550980664288e-01
8.538063592674198787e-01
9.989601018816265388e-01
9.895101739358856952e-01
9.666644158153451238e-01
9.970410096815749412e-01
9.899218124741768765e-01
9.287385645734114181e-01
9.980825365416523542e-01
9.878607489992606849e-01
9.642612215496378925e-01
9.199315732981966365e-01
9.944406386329235348e-01
9.863550049007057119e-01
9.378483598050306735e-01
7.870636467948539661e-01
9.904575128374911719e-01
9.848976358286157806e-01
9.713746132867047134e-01
9.438314494475765759e-01
9.888007876838743604e-01
9.829189035281894471e-01
9.690464320630455264e-01
9.411252568700571031e-01
8.918308097025644532e-01
9.832780891643764232e-01
9.797752077559889194e-01
9.698698838275280343e-01
8.624788296495614626e-01
7.394995647692332863e-01
9.765546216273791602e-01
9.751617311508690156e-01
9.685306157882468403e-01
9.520684669536214617e-01
9.204424648252639285e-01
8.672003933314766932e-01
7.458507909730017760e-01
8.838619258113949995e-01
9.252107693225342100e-01
9.358115367873178769e-01
9.213689608709155765e-01
9.089103765090339460e-01
9.494616878458124187e-01
9.945549717253844291e-01
9.723082997165042318e-01
9.295085222624065446e-01
9.830385382212317724e-01
9.988326753568188554e-01
9.884445481329439120e-01
9.993646346593375585e-01
9.912066111688995207e-01
9.994638333226513183e-01
9.863251317227736958e-01
9.996699597689685524e-01
9.897876531899850727e-01
9.915605484096337019e-01
9.998914477243212584e-01
8.824171796899770159e-01
9.931553913640253084e-01
9.993405152989176532e-01
9.934136039236207694e-01
9.931176990022777540e-01
9.985403121677702831e-01
9.498154259715000380e-01
9.931862752251868764e-01
9.986804612874662368e-01
9.920561255129796141e-01
9.705490778861837198e-01
9.921814098413379579e-01
9.967534502690625908e-01
9.610428034625821958e-01
8.226895458296480390e-01
9.901671569400887218e-01
9.947142931548118572e-01
9.919265851165456338e-01
9.789595218694699952e-01
9.892619036223929685e-01
9.935274581967045160e-01
9.904223783001588899e-01
9.771020784445954011e-01
9.497405339036719685e-01
9.857672326679691732e-01
9.903256555917526738e-01
9.889176754184068052e-01
8.903556082610953881e-01
7.787600994697513324e-01
9.811132208699777646e-01
9.860871085266212921e-01
9.861256033473086990e-01
9.788435013762086800e-01
9.612834675926177352e-01
9.300034351029329294e-01
5.722873053556123413e-01
6.162911527899160857e-01
7.221321857553756329e-01
6.928072645123629636e-01
7.318502308742146356e-01
7.017643905866520759e-01
5.923955638906792664e-01
3.661171846946306152e-01
6.880498908865100294e-01
9.191649552991767447e-01
6.538605675106645698e-01
5.185760515017745487e-01
7.109539354310313586e-01
8.965889037213017332e-01
6.893182125211112510e-01
6.139387498032997659e-01
7.840620680194900771e-01
6.556344824711296537e-01
4.950115873629571950e-01
7.467850947994607580e-01
9.336407736747496244e-01
9.998433322921970179e-01
8.043603983538166746e-01
7.325047488458267253e-01
6.448899065065402114e-01
7.814255637996708748e-01
9.018291770189568179e-01
9.768784902261790082e-01
7.049182385651268090e-01
6.274839405048764363e-01
5.352515842242417943e-01
3.758881191799224308e-01
7.608962494735452831e-01
8.801813625731297330e-01
9.689998833473708606e-01
9.819033204613789589e-01
7.354415508719120975e-01
6.954108291983351897e-01
6.472433237644674708e-01
5.590275710946719379e-01
8.171064614505164636e-01
7.798842108250233496e-01
7.340703819974464528e-01
6.478064355971426824e-01
4.858962697818462462e-01
7.908730517222311018e-01
8.698515111551532453e-01
9.482641277314489692e-01
9.566674244546170547e-01
9.830127813739323317e-01
7.631992950261269337e-01
7.454344420286469486e-01
7.227194293256103963e-01
6.758026981656798382e-01
5.836802913585651398e-01
4.148048935224777356e-01
7.547713674079691293e-01
7.607029188232473649e-01
9.346411843833721811e-01
8.365133224201716233e-01
9.296147602998435788e-01
8.365046118425227828e-01
6.666967547356107415e-01
6.526611770508851107e-01
8.284351315566257368e-01
8.430961542263064601e-01
7.175810796258949020e-01
6.961334633971671959e-01
8.355001265109938124e-01
8.861181313293269302e-01
7.454922166513735515e-01
7.279641044453737386e-01
9.944746091841826230e-01
9.905355953101656619e-01
9.614596763542403446e-01
8.789898792673148664e-01
9.300569493435503210e-01
8.633352611189631931e-01
9.999997787762741064e-01
9.932371597241897998e-01
9.732735366308202796e-01
9.076763713655577881e-01
9.467627487116534457e-01
9.355522945024916659e-01
7.548518743217567106e-01
7.353878446216780551e-01
7.049122359753549061e-01
6.585277986409201478e-01
8.737855619623441372e-01
9.108090508922557227e-01
9.124781171153402148e-01
8.167851430986168282e-01
7.763572475289574060e-01
7.630328990307300163e-01
7.429113341254122149e-01
7.116575068814958716e-01
9.946235549857624925e-01
9.892239775923509226e-01
9.758185222451589702e-01
9.502491184378623057e-01
9.072457018972489573e-01
8.960680735325197155e-01
9.259923187736306405e-01
9.519377976822260834e-01
8.862729452027029442e-01
8.085630583106887537e-01
7.943817233674075329e-01
7.864412459842408110e-01
7.738901377067611831e-01
7.532661908608172530e-01
7.205182316387208630e-01
6.709013930668488168e-01
7.355717033279165484e-01
7.490273843661217068e-01
9.172735603660746584e-01
8.237060569484250250e-01
9.164302999902190772e-01
8.237160022259687464e-01
6.666176185389114384e-01
6.808257835223017196e-01
8.230817732075231818e-01
8.377127840639914114e-01
7.175304287320062313e-01
7.155725535480711441e-01
8.350335932060727329e-01
8.856652246137115547e-01
7.454604554918581316e-01
7.410644161048477452e-01
9.834677550114601097e-01
9.983199387858591178e-01
9.901649626468479459e-01
8.733453040850779336e-01
9.241265066587024402e-01
8.578693158607653135e-01
9.938273190438202676e-01
9.999997247818224189e-01
9.940505923768512275e-01
9.018688862837064280e-01
9.407285075431606192e-01
9.296125537873602962e-01
7.548349128226793381e-01
7.486378495141007283e-01
7.324402415447053283e-01
7.042990543132843229e-01
8.733345324325820780e-01
9.103623507749882826e-01
9.120540818357831814e-01
8.164359579467268535e-01
7.763615273121128313e-01
7.718044369432233154e-01
7.609931754102200463e-01
7.417597794159647151e-01
9.937263068592435689e-01
9.970710593095419849e-01
9.929541530173685571e-01
9.793838334283260227e-01
9.534527991904770960e-01
8.956275389012815502e-01
9.255481708285204778e-01
9.514926144521826945e-01
8.858759977628022364e-01
8.082295050042280771e-01
7.944083319695321999e-01
7.921059892109809653e-01
7.854824074754812591e-01
7.726318307189720125e-01
7.511804216419435409e-01
7.184246404096619187e-01
7.090631056545232402e-01
7.329699682456529697e-01
8.908294042604251173e-01
8.060472412552719401e-01
8.946267631265550913e-01
8.060567434214557236e-01
6.666463975667135111e-01
7.021633348738259839e-01
8.131094738780801912e-01
8.275276594991813894e-01
7.175605358309976589e-01
7.309964398855175460e-01
8.305065785181796612e-01
8.808336238215266345e-01
7.454912371950325189e-01
7.519811443142250251e-01
9.627732181923074339e-01
9.916129700493355736e-01
9.993419781659816925e-01
8.627633427842525959e-01
9.128991451873386120e-01
8.474189782628616108e-01
9.783737111695877120e-01
9.947544520069677709e-01
9.999997279864665245e-01
8.909409464774972198e-01
9.293059069107572068e-01
9.183014093647853260e-01
7.548656700876624770e-01
7.596656042726002145e-01
7.553024750787562525e-01
7.415784153973662418e-01
8.685990466605196803e-01
9.054020940252477390e-01
9.070605688693216262e-01
8.119422181694239127e-01
7.763926438126527163e-01
7.794892500101165966e-01
7.768055455079954097e-01
7.675292930611493647e-01
9.840907477382911939e-01
9.947380298338239779e-01
9.984467019690761447e-01
9.945725772249180974e-01
9.816883492382346699e-01
8.907707135846878455e-01
9.205099387126698396e-01
9.462934643815273938e-01
8.810153259964206285e-01
8.037734002509443476e-01
7.944396418516952441e-01
7.973487454571527300e-01
7.962040655914918164e-01
7.901250323106173701e-01
7.778442001873540068e-01
7.579558038418930943e-01
7.439235114985711661e-01
8.831773128832363096e-01
9.257961328635915255e-01
9.373991532940871840e-01
9.236457122756833726e-01
9.116418327333828397e-01
9.505256844015257389e-01
9.819677360384888587e-01
9.748377448403624523e-01
9.200000932368171958e-01
9.867029329497193357e-01
9.906569917791062663e-01
9.929461082403636674e-01
9.928971253626643900e-01
9.962926612437584817e-01
9.944242894063186622e-01
9.904139093776070935e-01
9.918918700872012550e-01
9.688689630135822739e-01
9.968405830484315944e-01
9.941649415037163706e-01
8.665994553303044690e-01
9.993089965739820890e-01
9.953276447715082575e-01
9.783693257470160720e-01
9.998803432401519586e-01
9.959465133795474268e-01
9.377187972730370857e-01
9.996911596141846434e-01
9.950105850439360244e-01
9.773541538911240112e-01
9.440240342550061392e-01
9.995810544075993676e-01
9.947866180469565611e-01
9.493744882458590162e-01
8.033992002472651883e-01
9.981895127415435498e-01
9.941443665046313383e-01
9.821704273845925925e-01
9.593273307403819006e-01
9.975690659324712994e-01
9.932404268210230924e-01
9.809489873566163975e-01
9.577560150003997519e-01
9.197118650439507492e-01
9.947047225297654949e-01
9.914035238330282107e-01
9.816390634493190603e-01
8.755573433853246490e-01
7.575511912032852901e-01
9.906849434218349959e-01
9.884915215882489337e-01
9.809440056713181200e-01
9.654911066391147489e-01
9.389856263028842909e-01
8.978226245000260342e-01
7.332182755426447374e-01
8.720888062695800746e-01
9.155834103740061458e-01
9.282299991725520005e-01
9.155445158837027808e-01
9.043787805805180158e-01
9.404117289237754473e-01
9.886234187884411773e-01
9.660198111074315142e-01
9.254210713533285171e-01
9.790723647413588360e-01
9.956378930279526918e-01
9.863246860573436914e-01
9.970595840800500209e-01
9.904966486601844977e-01
9.977965874148545522e-01
9.830970086242830641e-01
9.972795673307165432e-01
9.883980595248471612e-01
9.908394549714953925e-01
9.990713671639204208e-01
8.816029318531938275e-01
9.944055336481955054e-01
9.997241588187284478e-01
9.928478300256576849e-01
9.958666747120642482e-01
9.998200692427977598e-01
9.495112128287672704e-01
9.950888218090158110e-01
9.997456995790665601e-01
9.921962442526544024e-01
9.711661619203895146e-01
9.961346313414226605e-01
9.992812641623586289e-01
9.619793981422027906e-01
8.231121177925524446e-01
9.956757534151666755e-01
9.983494496582431266e-01
9.935298805340530004e-01
9.793811194439568935e-01
9.953197417048552653e-01
9.977286443565375196e-01
9.926060905818732127e-01
9.781175692577058767e-01
9.515232197203548070e-01
9.934184523796243393e-01
9.958046310085126862e-01
9.920543833162217551e-01
8.916720388657159990e-01
7.798110536472407928e-01
9.903841127987921267e-01
9.929803281441982321e-01
9.904700011958531558e-01
9.811343289780163346e-01
9.627252661382592613e-01
9.326996536278464589e-01
6.641237572300227043e-01
6.240395396411831941e-01
8.254527106830289451e-01
7.155138239358023178e-01
8.258156062087410598e-01
7.352460225047273701e-01
4.869884443692915066e-01
3.262166089998135843e-01
6.801528886819249164e-01
8.643744983884060762e-01
5.556746334886187855e-01
4.428666591822742471e-01
6.890020505179197396e-01
8.580588964630846416e-01
5.993609028228015223e-01
5.247205330808402124e-01
8.818664355251002451e-01
7.901483736661579771e-01
6.674265679354099978e-01
7.541416948053381031e-01
9.260801141837505801e-01
9.785807581119414511e-01
8.923212853676074641e-01
8.302143156006883684e-01
7.519876042189217458e-01
8.013648398799907424e-01
9.238526048623211251e-01
9.998521730812257591e-01
6.176924399720432612e-01
5.414054244854811238e-01
4.515088264493508641e-01
3.247726146433287941e-01
7.542526786566016161e-01
8.744857506814230907e-01
9.645255598236248673e-01
9.609722933330944183e-01
6.582777239233470468e-01
6.098961984561089844e-01
5.534541633925081916e-01
4.724584794610905414e-01
8.934724566386864630e-01
8.536344616044450051e-01
8.044549554836005756e-01
7.296286865698886626e-01
6.107436592132523545e-01
7.967682479021847008e-01
8.839167611132008329e-01
9.709200671990612097e-01
9.753795331508660071e-01
9.796429102031457559e-01
6.970826032838884911e-01
6.680454775166059234e-01
6.338291380911321715e-01
5.830026660232071611e-01
5.029752516561416531e-01
3.776604897352354162e-01
4.999786157828280397e-01
7.374889382605304133e-01
6.475122148293416258e-01
7.749054838490970765e-01
6.666550201727950986e-01
7.478357265405256582e-01
9.553645508642782946e-01
9.810896450025248239e-01
8.478602939094028734e-01
8.629317116992164527e-01
9.894537437816944836e-01
9.898018006416707815e-01
8.918421367505847686e-01
9.459178054774369793e-01
9.976828875542889108e-01
9.938023210829943777e-01
7.220659046517530211e-01
7.007300271465656261e-01
6.593181106495537014e-01
8.595790755053065446e-01
9.095615752093370032e-01
8.443502657004536838e-01
7.528549701796002358e-01
7.345823691697734859e-01
7.053510455399577550e-01
8.566342885491675663e-01
8.935472166335525213e-01
8.829911141443681499e-01
9.999997152685971002e-01
9.932294252019363556e-01
9.733201666117472506e-01
9.366015810351449034e-01
8.912161211730411647e-01
9.290032406704463730e-01
9.307307681464084270e-01
8.331555839894789761e-01
9.969784464201359997e-01
9.919257883432132106e-01
9.788912438706821595e-01
9.542464132898893503e-01
7.774799702607904095e-01
7.639804078674093946e-01
7.436526522270331396e-01
7.126941981753360800e-01
6.663708418896894248e-01
8.820271781226500796e-01
9.114952793245529872e-01
9.370476739211497375e-01
8.724289635092006279e-01
7.959627225861232169e-01
9.878818221806491273e-01
9.853689695863514508e-01
9.775004499036268335e-01
9.612486495334090497e-01
9.329556852571955217e-01
8.883836708939913951e-01
5.000609817318278916e-01
7.295601019575699286e-01
6.475823734707444324e-01
7.722228240151416401e-01
6.667040402292597756e-01
7.488281543368305870e-01
9.378163746377936594e-01
9.888046065649350735e-01
8.387056642207864066e-01
8.535508693205675623e-01
9.770631841705244014e-01
9.957194812928238381e-01
8.821871693223970468e-01
9.356350516126368255e-01
9.889198060089169351e-01
9.977280471787072225e-01
7.221034268079058460e-01
7.200619743548603013e-01
6.998490836946530402e-01
8.565616276312636446e-01
9.063258237915107207e-01
8.413067307947460494e-01
7.528678789220643042e-01
7.478409825950594891e-01
7.328804618447006813e-01
8.577280258839640181e-01
8.946632349892152947e-01
8.840693939463940554e-01
9.938003179264883746e-01
9.999996685693283149e-01
9.941264732506457369e-01
9.751683245401816524e-01
8.880609449905859654e-01
9.256894451545188973e-01
9.273859238438568742e-01
8.301309127048154268e-01
9.948821869886254055e-01
9.986561112809121399e-01
9.950110268523801871e-01
9.823112518184760056e-01
7.774662309642876856e-01
7.728822148930117875e-01
7.620179284181406443e-01
7.430650705264519873e-01
7.134654072268141745e-01
8.831259507031001821e-01
9.126181597022534620e-01
9.381890779725323704e-01
8.734733380974921690e-01
7.968874305346529408e-01
9.901161258892516859e-01
9.934903515346835690e-01
9.917994055628731598e-01
9.834733884082639266e-01
9.664250867008354895e-01
9.383030720633858124e-01
5.000871305524896560e-01
7.177463420942584715e-01
6.476049403015773365e-01
7.655152243340249685e-01
6.667184799203169643e-01
7.463516502269655906e-01
9.117988142198838464e-01
9.797852611043492699e-01
8.251118958306099538e-01
8.397191138011935729e-01
9.558227192483791379e-01
9.877967183697815567e-01
8.678786784236008911e-01
9.204628351133158359e-01
9.715842166361212673e-01
9.902092128932256099e-01
7.221159935435377264e-01
7.350080438790570492e-01
7.312031892651749132e-01
8.491082917697824195e-01
8.984427614392632711e-01
8.339922514258667485e-01
7.528710503695882350e-01
7.586373762571865242e-01
7.553054690168422569e-01
8.548779458022505162e-01
8.916942282583548707e-01
8.811393012767658739e-01
9.785710672237434293e-01
9.948418000998051625e-01
9.999995741671721117e-01
9.945076280620576137e-01
8.803232355014414257e-01
9.176276597020731618e-01
9.193131534403863325e-01
8.229083281660291016e-01
9.841461984627385418e-01
9.951911950850138577e-01
9.993501643711086846e-01
9.961716574574557281e-01
7.774592503657220544e-01
7.805580326738810193e-01
7.778486689260920572e-01
7.687151914090560867e-01
7.519045702049085289e-01
8.801810394195842546e-01
9.095792071050425864e-01
9.350694014069549365e-01
8.705730233043246225e-01
7.942453053805416108e-01
9.841725420306662864e-01
9.927064789894693986e-01
9.964716547170934247e-01
9.948142064005662810e-01
9.866384934358805037e-01
9.707436002738931702e-01
5.000664135997404669e-01
7.036608372847993342e-01
6.475851243520889255e-01
7.564734852369426887e-01
6.667015057400150768e-01
7.419494068265201081e-01
8.808473595284009861e-01
9.599374513044705015e-01
8.089261402177284621e-01
8.232590413207022673e-01
9.294482399292730568e-01
9.708571975484302508e-01
8.508572041919242324e-01
9.024181927153178684e-01
9.493715350439522194e-01
9.753068931690491716e-01
7.221017175203894300e-01
7.464050187561487304e-01
7.551387555709123678e-01
8.390867137638036155e-01
8.878472059317555898e-01
8.241644732432648057e-01
7.528600362715974770e-01
7.671443825222382662e-01
7.729899585447914667e-01
8.498435872963687743e-01
8.864480225760432708e-01
8.759600990162341727e-01
9.581267673187516820e-01
9.819348735548586449e-01
9.954623703763127995e-01
9.999993025881152020e-01
8.699368360510104647e-01
9.068060945852988164e-01
9.084766870645635262e-01
8.132144887280648993e-01
9.685221207273385646e-01
9.852280041187998494e-01
9.955187002869630986e-01
9.996588892616247168e-01
7.774518731975825769e-01
7.868048291625686641e-01
7.907339844578021859e-01
7.893514606274010248e-01
7.822040295180023861e-01
8.750015349289168576e-01
9.042295696756300627e-01
9.295727883127713476e-01
8.654596354136087077e-01
7.895864469620343939e-01
9.737139707825234192e-01
9.864065709090980016e-01
9.945993014201059967e-01
9.982240046406947176e-01
9.968226770710461038e-01
9.899146307732301642e-01
7.366637945944494170e-01
8.760824069741828257e-01
9.196635016214603775e-01
9.322517173973602356e-01
9.193996392109700100e-01
9.080796769957076853e-01
9.446010639446763557e-01
9.787341331483651041e-01
9.701998041880535162e-01
9.174774533356963024e-01
9.831833423654396942e-01
9.883546582637796618e-01
9.903414904184576484e-01
9.908944551366741793e-01
9.944088308858751724e-01
9.926327688257262638e-01
9.872207607756633418e-01
9.899536960983029710e-01
9.683891687797543391e-01
9.948642370196391083e-01
9.928383671835219193e-01
8.660778129429972383e-01
9.983148582470453558e-01
9.944748229839294185e-01
9.776813621174442748e-01
9.996553630443819616e-01
9.954502442131643036e-01
9.369698977181042387e-01
9.989945241797992814e-01
9.944708002824389492e-01
9.769919640992607013e-01
9.446896656442053120e-01
9.999101048145757620e-01
9.948671362632984794e-01
9.491921949889098320e-01
8.035849902076256379e-01
9.993191654721835793e-01
9.947032004800512306e-01
9.821143944095332978e-01
9.591937875868632446e-01
9.989539127960002096e-01
9.940629864786418857e-01
9.811640251015733005e-01
9.579004138101588905e-01
9.209509844235561626e-01
9.969118676484531871e-01
9.928048432240557108e-01
9.821754683676408026e-01
8.756438837356248506e-01
7.580361574056684315e-01
9.937298682283577378e-01
9.905538604983094020e-01
9.819571904702129039e-01
9.657868008526894199e-01
9.393208402462444040e-01
8.994787483363159142e-01
7.216697492655890223e-01
8.605546875455311051e-01
9.053931041101495047e-01
9.194932674588428556e-01
9.081966220431538783e-01
8.981148115097279394e-01
9.304420996670549338e-01
9.844367302297269973e-01
9.578891832716057708e-01
9.222796837526910929e-01
9.725900228751374055e-01
9.928926169306426797e-01
9.812292134691296130e-01
9.947747874122587763e-01
9.865271960319335065e-01
9.958316471461508002e-01
9.770479369428081151e-01
9.950310257612589027e-01
9.904759252775623413e-01
9.865908246349860411e-01
9.977151459359633323e-01
8.832581372488241822e-01
9.916485781233057573e-01
9.990569203812817989e-01
9.944670112303316545e-01
9.943118095933000111e-01
9.996673788815847450e-01
9.508120838055926782e-01
9.927388531902207047e-01
9.995116226109184154e-01
9.942689342958656029e-01
9.767465513484143713e-01
9.953450021438884354e-01
9.999322403541575088e-01
9.641083513734163279e-01
8.270976965960905591e-01
9.961384693886810027e-01
9.996814091739364416e-01
9.957813686478433901e-01
9.833512133430620805e-01
9.961387087205986202e-01
9.994310821493455066e-01
9.952399653142378622e-01
9.824802925255616826e-01
9.592249323762498392e-01
9.955250853890982299e-01
9.983286344581462357e-01
9.950058499592050465e-01
8.953355316513251783e-01
7.850533410875659701e-01
9.938041377886784877e-01
9.964440905835205697e-01
9.939616526527398355e-01
9.851800962452263999e-01
9.684321215500502067e-01
9.418661785306955414e-01
4.458489723200369514e-01
6.010638939120205304e-01
5.875814290776870674e-01
6.521478509051855665e-01
6.123850877535194082e-01
6.458817932334266487e-01
7.274898024275489039e-01
6.032785028713368858e-01
7.019667882412130577e-01
8.858585945345545110e-01
7.735289432333255499e-01
6.733626637646740187e-01
7.465544481300665502e-01
9.252209470040370087e-01
7.966198284364581772e-01
7.241722373451554562e-01
6.665769523944508057e-01
5.562881429095275498e-01
4.185190879419306009e-01
7.350245056888720097e-01
9.120127240847168970e-01
9.712412531499046153e-01
7.033933892643817742e-01
6.239494344354690192e-01
5.294389416257675451e-01
7.518433499549915799e-01
8.812632132483576575e-01
9.667244517772373147e-01
8.037274190211423086e-01
7.285213040967764009e-01
6.374396159252724292e-01
5.138271698446733593e-01
7.706257112028657152e-01
9.006479770441849775e-01
9.998479645849134290e-01
9.968938421280240103e-01
8.193388512630072062e-01
7.673837461391480597e-01
7.059078640438911645e-01
6.220661393968027753e-01
7.350683699199627164e-01
6.796975910871225768e-01
6.152530671885338975e-01
5.288252846171606070e-01
4.057732003269031162e-01
7.828963142067698611e-01
8.793182255976694783e-01
9.762021602127862741e-01
9.873576549249043488e-01
9.928909366177068874e-01
8.309054776988961111e-01
7.963511204586132264e-01
7.556262035461345228e-01
6.992319992084329305e-01
6.165919600654897748e-01
4.948580008782011430e-01
4.586920959315098356e-01
6.016759049137313520e-01
6.028900070646651121e-01
6.541931339091336950e-01
6.268069439755251659e-01
6.492049695893360450e-01
7.117116694740156513e-01
5.540822265543499103e-01
7.012452913528642862e-01
9.044769460662214211e-01
7.580232074193885561e-01
6.440843598081175125e-01
7.443229228615588777e-01
9.294174212604451313e-01
7.819397480312481052e-01
7.066168431050703358e-01
6.821714174061623837e-01
5.603001194379887417e-01
4.094166048652270740e-01
7.357811577578828865e-01
9.194183358595536815e-01
9.842469543706257040e-01
7.181403716791779912e-01
6.372864707159499043e-01
5.410699415073366714e-01
7.540884908560113731e-01
8.825521314005518869e-01
9.669576588725821154e-01
7.889697252400623695e-01
7.108987505301685994e-01
6.169202151589663341e-01
4.803874777585833145e-01
7.698700862539165080e-01
8.988038801517340692e-01
9.969420831123804172e-01
9.998527107539209036e-01
8.056486969960837685e-01
7.564518674601405923e-01
6.980104259838312286e-01
6.115214621297965225e-01
7.487358337181320156e-01
6.971504296218188346e-01
6.366184208277398948e-01
5.482897074074774002e-01
4.110849344789713200e-01
7.836285754274811000e-01
8.753345011432690503e-01
9.672335475884555889e-01
9.785539242449737829e-01
9.918958785402787193e-01
8.184200476031198157e-01
7.891264981629426689e-01
7.539986022070380711e-01
7.000961443688644703e-01
6.131576813950297966e-01
4.748131253495198600e-01
4.999969866380465366e-01
7.285518339359059459e-01
6.475268449395850112e-01
7.736313319433696378e-01
6.666646695429276903e-01
7.517287712938884869e-01
9.356841584013835256e-01
9.758504519129872490e-01
8.375759522397561163e-01
8.524031067184747457e-01
9.774776465286821869e-01
9.863913690398227185e-01
8.810184366238194009e-01
9.343892951491278298e-01
9.910189149552864896e-01
9.911123964558407051e-01
7.220720031108798231e-01
7.102169232945561017e-01
6.792219847159187696e-01
8.581552545603224891e-01
9.080058287680505824e-01
8.428604508214323499e-01
7.528552156707869480e-01
7.389336052414563483e-01
7.143900503044509076e-01
8.610828435856336949e-01
8.981512915812722708e-01
8.875050555150326703e-01
9.970865849853742802e-01
9.945339663725322188e-01
9.792004996534277028e-01
9.503015161535722788e-01
8.897336825291563001e-01
9.274217839870496638e-01
9.291101415081721715e-01
8.316675090963047134e-01
9.999997640844731084e-01
9.960242197246952367e-01
9.841102691735830188e-01
9.627014059376062249e-01
7.774739109429789075e-01
7.649391046287401519e-01
7.456354313742263873e-01
7.178311108583448341e-01
6.790366113601924436e-01
8.866011774572977178e-01
9.161954864243854191e-01
9.418522917336974443e-01
8.768729297087622943e-01
7.999833885860604399e-01
9.971305917672469432e-01
9.937223225342309840e-01
9.848634714350407160e-01
9.689815254837348402e-01
9.439764033879491922e-01
9.075065755902502751e-01
5.000214217739866740e-01
7.233657531112855921e-01
6.475516194863939479e-01
7.710057748110356046e-01
6.666852266144627226e-01
7.511884065270019173e-01
9.242455263325481951e-01
9.808495253407526482e-01
8.316064148984628757e-01
8.463316597160857047e-01
9.684781186734839897e-01
9.904273514932003808e-01
8.747338413619157871e-01
9.277285387566643893e-01
9.840009416274583254e-01
9.940789405397386647e-01
7.220919683997965022e-01
7.239871385201492870e-01
7.080999399185461396e-01
8.552349977793728408e-01
9.049205911782559619e-01
8.400008893553282396e-01
7.528704425152658031e-01
7.493781456506671823e-01
7.360709749940803626e-01
8.604557705069508788e-01
8.975021070712042581e-01
8.868683916298321090e-01
9.911039588350086804e-01
9.987092266981832944e-01
9.943831030080421129e-01
9.783527258381079506e-01
8.867002768266770696e-01
9.242647397447666391e-01
9.259522119881662405e-01
8.288448398755416946e-01
9.962749352213101650e-01
9.999997534944724542e-01
9.962918080039292468e-01
9.844399602245013092e-01
7.774838633437987090e-01
7.727990435735836439e-01
7.618276234600527275e-01
7.436853982719094924e-01
7.168148943416794427e-01
8.859496839826962455e-01
9.155270997692565027e-01
9.411701772382681241e-01
8.762423156131939894e-01
7.994117483941061142e-01
9.958039643212569514e-01
9.981843455411141264e-01
9.954184258063850654e-01
9.866100916899712692e-01
9.703922829439035613e-01
9.452617803889830084e-01
5.000656996980430424e-01
7.148406007292140707e-01
6.475860088862144259e-01
7.653986784113179231e-01
6.667041994319485854e-01
7.482899268423213179e-01
9.054366211929839592e-01
9.746608431105565629e-01
8.217808263200983010e-01
8.363415551718443863e-01
9.522886839245838786e-01
9.847556958817053063e-01
8.643805699221225325e-01
9.167619664218427111e-01
9.702104358889879210e-01
9.885987997146447048e-01
7.221047212244466884e-01
7.357508993617131177e-01
7.327749313964248001e-01
8.489890886785952384e-01
8.983259227165129035e-01
8.338924182438859356e-01
7.528651815569648020e-01
7.584637155744862191e-01
7.549511032142841582e-01
8.571085850063838718e-01
8.940273018295862295e-01
8.834510524195284820e-01
9.783394961132179102e-01
9.944310662132577194e-01
9.993989501117621632e-01
9.941716182579718453e-01
8.802056384654174392e-01
9.175114640038692926e-01
9.192031406822476214e-01
8.228169848838619016e-01
9.863009791459232956e-01
9.966239715792488685e-01
9.999996380305022914e-01
9.963327586963759419e-01
7.774592661021608730e-01
7.797542558446639571e-01
7.761917102770691246e-01
7.665105458255596638e-01
7.498406992358990220e-01
8.824839266899103807e-01
9.119634424516953608e-01
9.375250084185713373e-01
8.728645644867311093e-01
7.963427285686588419e-01
9.888259188350345674e-01
9.962842332158737824e-01
9.988939305772706057e-01
9.962682495676977723e-01
9.875953278494500331e-01
9.719990799836325523e-01
4.999681559263486341e-01
7.033697545501025328e-01
6.475051361296935148e-01
7.573533887955314903e-01
6.666540788160689734e-01
7.436602092058800517e-01
8.803381744186562496e-01
9.589939879390702027e-01
8.086423677396581411e-01
8.229805409991024501e-01
9.301917990389680924e-01
9.709866544822030043e-01
8.505971194477649489e-01
9.021420871477660031e-01
9.510731611637325278e-01
9.762234824467115324e-01
7.220652230150638173e-01
7.456947245543281699e-01
7.536890247965655210e-01
8.401167246963086033e-01
8.889368150419831860e-01
8.251756890784399667e-01
7.528614265386597282e-01
7.662664219203508820e-01
7.711645647501699230e-01
8.518589932896448724e-01
8.885415757964559846e-01
8.780203248075277855e-01
9.602677036274127609e-01
9.832991672976768571e-01
9.959638232345118247e-01
9.996827141515268744e-01
8.710449147690609850e-01
9.079524490860442221e-01
9.096164512294574456e-01
8.142300531519806039e-01
9.716917066746002529e-01
9.875014101124143240e-01
9.968160325232765517e-01
9.999995188231031173e-01
7.774940391481118818e-01
7.858322820109588935e-01
7.886840496982219229e-01
7.862584600642575916e-01
7.782055070831271903e-01
8.771178568342118398e-01
9.064018898158061610e-01
9.317908872304219159e-01
8.675132818710551419e-01
7.914543252857926259e-01
9.779472910195007307e-01
9.896759036088972339e-01
9.968327459505728072e-01
9.994248013518645113e-01
9.970720013592015984e-01
9.893798757239682384e-01
7.236548520964547482e-01
7.418267880467537267e-01
9.081987065040223461e-01
8.157703361631825079e-01
9.111753937260954617e-01
8.157694918887694602e-01
6.666700593420029630e-01
6.749669030759840593e-01
8.216471597725053533e-01
8.362035981727127254e-01
7.175681727980169899e-01
7.085121062526793523e-01
8.380201317177831122e-01
8.887962024949042084e-01
7.454876023657950324e-01
7.335611013120059143e-01
9.804383272050281040e-01
9.879472135495446228e-01
9.717990978913055855e-01
8.718038414058927321e-01
9.224586779697423466e-01
8.562869648421763680e-01
9.952854231440905197e-01
9.939369426361989168e-01
9.798662970347288281e-01
9.002647397233075610e-01
9.390303247802509468e-01
9.279098157115548418e-01
7.548549459514152238e-01
7.410501080911423566e-01
7.166648306066324414e-01
6.807060477033290979e-01
8.764380083324444515e-01
9.135723155860927536e-01
9.152448731653012315e-01
8.192650048608792757e-01
7.763695657918102677e-01
7.642376058924272852e-01
7.453821960325789364e-01
7.182428184559741524e-01
9.999997290115972826e-01
9.959940225492384114e-01
9.840266043882149871e-01
9.627199463476296959e-01
9.298141806025943534e-01
8.987974671857846820e-01
9.288074197325691950e-01
9.548261818490524355e-01
8.889601223649452599e-01
8.110187412657501316e-01
7.944036996321438560e-01
7.848649177389861453e-01
7.706333116384087578e-01
7.501786601137429011e-01
7.215227154553243150e-01
6.824605016660660883e-01
7.117071750613388481e-01
7.345641198046899412e-01
8.963722933316199404e-01
8.077947345181354377e-01
9.016033523270204908e-01
8.078015333150989630e-01
6.666270827941715993e-01
6.926161376148811666e-01
8.172225635970532531e-01
8.317418617797810443e-01
7.175337595179465122e-01
7.221106076403671636e-01
8.362294362039557338e-01
8.869306607341581605e-01
7.454603961729190376e-01
7.438843421506767806e-01
9.713167743044175406e-01
9.918692139489516668e-01
9.902798378535261348e-01
8.671213491321067002e-01
9.175379515550783349e-01
8.517506306571515085e-01
9.887155449029256804e-01
9.974779834647570231e-01
9.943841658982252030e-01
8.954381322791836739e-01
9.340212750080778559e-01
9.229851779198366968e-01
7.548312043658560455e-01
7.514827398682843995e-01
7.383508144146772034e-01
7.154116881548805429e-01
8.745778735732469000e-01
9.116588702045145265e-01
9.133534742902634784e-01
8.175973684338831982e-01
7.763540476378973931e-01
7.721054097487571877e-01
7.616217649799197353e-01
7.441551022374057744e-01
9.962517049932078095e-01
9.999997451967925777e-01
9.962914218052806303e-01
9.845578935195877790e-01
9.634319143024592247e-01
8.968988888724163111e-01
9.268643662128485117e-01
9.528481439938528696e-01
8.871387726165506082e-01
8.093794389350208451e-01
7.943969278767335496e-01
7.907464856870293213e-01
7.827056364875951688e-01
7.693978472140512448e-01
7.495530688137408415e-01
7.217731458919617316e-01
6.940488172887629981e-01
7.238974217914804221e-01
8.777137204154288330e-01
7.960418634566844842e-01
8.855639625177929020e-01
7.960324599612326191e-01
6.667116647308077848e-01
7.073372467821258391e-01
8.094910706539981682e-01
8.238277344998570229e-01
7.176001249391548154e-01
7.336934279765016109e-01
8.315835364924758499e-01
8.819679902421655449e-01
7.455112250716542377e-01
7.528680864764859537e-01
9.552049187661962870e-01
9.861739979663390887e-01
9.964309677368863305e-01
8.588924530404715707e-01
9.087953916571213098e-01
8.436022222855462660e-01
9.754973619417244279e-01
9.926087845331246218e-01
9.986777645612179288e-01
8.869220270818091167e-01
9.251136663976589070e-01
9.141585531700655576e-01
7.548750620118418464e-01
7.605502248769383522e-01
7.571288901411132866e-01
7.452523733791079907e-01
8.696926169004980389e-01
9.065417758554583649e-01
9.082021142869172170e-01
8.129605843028621104e-01
7.763802859681186996e-01
7.790849827657551074e-01
7.759851875253668263e-01
7.669135655162083731e-01
9.862989075759481805e-01
9.966366139316376049e-01
9.999996511679961619e-01
9.963910313537931440e-01
9.850822431437821214e-01
8.918698854727370451e-01
9.216508421926724592e-01
9.474715004353095882e-01
8.821143159209355877e-01
8.047733163055966754e-01
7.944044680027613214e-01
7.960648661892899547e-01
7.936075427693703999e-01
7.866376937672168168e-01
7.744081952829622306e-01
7.561096251386612010e-01
6.715993158178081845e-01
7.102826000818655006e-01
8.534709574975944957e-01
7.810670628715195019e-01
8.643818834038845544e-01
7.810553371377506604e-01
6.667004567610418375e-01
7.194360187189063893e-01
7.990382848871979693e-01
8.132018568883624399e-01
7.175849797420772447e-01
7.433483018055522251e-01
8.247421833061824303e-01
8.747236517368598419e-01
7.454928926395253397e-01
7.604499866564737864e-01
9.335580876839971731e-01
9.727043839763844790e-01
9.924848498032750044e-01
8.477983936851736235e-01
8.970682928278604917e-01
8.327270906311490251e-01
9.571931959353434660e-01
9.810620983079656465e-01
9.946436617726531759e-01
8.754631184736001437e-01
9.131716883531201256e-01
9.023682296232199418e-01
7.548558881578785185e-01
7.682088940208519068e-01
7.730506249673546604e-01
7.704866562957387588e-01
8.625343271993360927e-01
8.990906158351307242e-01
9.007477554125354891e-01
8.062976490510003202e-01
7.763578600379065220e-01
7.850465002326187935e-01
7.883014896862116094e-01
7.863792373591314000e-01
9.718011682534888340e-01
9.875903025100740695e-01
9.968515898091877547e-01
9.999994211730276472e-01
9.967716263111939812e-01
8.845262276616945307e-01
9.140714212413565409e-01
9.396894552030289338e-01
8.748784057612321030e-01
7.981808401014205412e-01
7.943787527013780325e-01
8.006510679977788536e-01
8.030426315316616659e-01
8.015216137410458019e-01
7.957355656737086225e-01
7.853143551671962763e-01
6.492356943243307033e-01
6.966626522007681732e-01
8.287823387766927175e-01
7.661267859582808759e-01
8.424431430082396366e-01
7.661435330906618546e-01
6.665634678658980405e-01
7.280851203855962517e-01
7.879800078551847387e-01
8.019744685680479934e-01
7.174776774480204899e-01
7.504493934316104342e-01
8.169366449982591316e-01
8.664637362104119500e-01
7.454132533000382699e-01
7.661893250767741748e-01
9.107928670920102387e-01
9.555726977651047838e-01
9.821095921299283216e-01
8.361064289707000885e-01
8.847156261474165007e-01
8.212778359571210052e-01
9.373868556193144519e-01
9.661463855506761123e-01
9.852482235242300268e-01
8.634220594916983682e-01
9.006224679457821569e-01
8.899778308239972846e-01
7.547852416218503446e-01
7.740173118961295451e-01
7.851869293876653222e-01
7.896423500988850597e-01
8.544138368214778678e-01
8.906364590713798934e-01
8.922885354366207888e-01
7.987370783031286781e-01
7.763183568775152699e-01
7.897133244367520177e-01
7.979664733921683073e-01
8.015743173074718619e-01
9.554050370533943015e-01
9.752962705202242732e-01
9.890382167240920896e-01
9.972715967373548818e-01
9.999991799057591502e-01
8.762321408906058595e-01
9.055041839508846113e-01
9.308861098986633831e-01
8.666879097835424872e-01
7.907171176976369731e-01
7.943722591249280374e-01
8.043709394591301853e-01
8.106802608038397029e-01
8.134847749560396579e-01
8.126683445727549415e-01
8.081211965552851373e-01
7.137314765484349399e-01
8.529329579889899371e-01
8.990093598421665666e-01
9.143934846060369770e-01
9.042828528931597942e-01
8.951435859601130085e-01
9.242635461231841765e-01
9.714130557491607032e-01
9.533211503958547439e-01
9.117642007864421583e-01
9.694719717757608324e-01
9.831345199902739029e-01
9.793478489588615110e-01
9.863389941807724215e-01
9.856680372878147134e-01
9.885302762570451485e-01
9.742746801899798692e-01
9.856246978170963846e-01
9.738504517106537639e-01
9.853841454223147833e-01
9.899569563180548037e-01
8.700398837886695880e-01
9.917594561684658361e-01
9.927231976001256175e-01
9.811884482995860690e-01
9.955039302562441739e-01
9.945521451389229828e-01
9.394739403934841970e-01
9.931745519950240242e-01
9.935051504852288051e-01
9.813239574900582962e-01
9.568283341449871360e-01
9.971515470459673125e-01
9.954353179581649780e-01
9.532113980004991438e-01
8.118460097255192354e-01
9.990654068339942517e-01
9.964718319634040533e-01
9.860326426953562873e-01
9.669563488383982053e-01
9.993537470524628263e-01
9.965121164583534696e-01
9.857852850772146347e-01
9.663853612127678572e-01
9.366937206393936011e-01
9.998881681913397435e-01
9.967512125550482827e-01
9.871274830175232884e-01
8.823249826346941660e-01
7.682783402565296349e-01
9.993354710076089997e-01
9.962501577600194613e-01
9.877191818234336562e-01
9.727500494226419825e-01
9.498649634157557697e-01
9.174403293725402753e-01
7.061240423408219335e-01
8.447630954831040206e-01
8.912420788252958248e-01
9.072343163757832230e-01
8.978309333944798354e-01
8.892855075344684446e-01
9.164383336093931964e-01
9.755429329000490091e-01
9.461726554904534847e-01
9.152893703912505785e-01
9.630137156018387934e-01
9.865499758722751089e-01
9.735274691930982938e-01
9.893758797988093656e-01
9.804134088429752314e-01
9.911841941938339673e-01
9.679380226428734302e-01
9.892272416410616831e-01
9.885314914214973214e-01
9.798237216522558413e-01
9.933419722753032977e-01
8.817859146875752785e-01
9.868973124729535362e-01
9.958650810371286743e-01
9.930155374481292041e-01
9.912523316657427808e-01
9.974331889760298386e-01
9.495500639601032189e-01
9.884471759936149793e-01
9.968084330511217672e-01
9.933294348804164731e-01
9.787166065810229965e-01
9.931632801130647614e-01
9.986183265038631740e-01
9.637540530737881417e-01
8.283823989655464404e-01
9.957184760579798066e-01
9.995048631626987090e-01
9.958665806831182854e-01
9.844703048878401530e-01
9.961343124947472649e-01
9.996860362567877578e-01
9.957702394874407004e-01
9.840564790229432424e-01
9.634354738076469360e-01
9.973326711316975457e-01
9.998754347616284344e-01
9.962658416663690009e-01
8.967951674987940658e-01
7.877301635058616691e-01
9.974611778956949948e-01
9.994150330176631014e-01
9.961919160884542546e-01
9.871856319126116608e-01
9.713393137356282070e-01
9.475028635919847675e-01
6.921827636665340844e-01
8.293723768888794368e-01
8.762059514259080695e-01
8.930045742586162349e-01
8.846811508145485670e-01
8.770651585243053328e-01
9.011769944460914505e-01
9.710850689721189921e-01
9.317278918914662089e-01
9.112578168118778965e-01
9.494880732247698019e-01
9.823062908708533048e-01
9.608965117369421272e-01
9.851692409837861097e-01
9.686084497241458369e-01
9.869737811871612809e-01
9.545370859817042808e-01
9.851913707743511495e-01
9.951190760390683510e-01
9.674867322249852686e-01
9.895362646244973970e-01
8.868380900329195793e-01
9.755571349990485031e-01
9.922307304197884870e-01
9.978272362133538964e-01
9.808142710864160563e-01
9.939163582268127906e-01
9.533584076009075092e-01
9.772703030318066197e-01
9.933693946203113745e-01
9.983588696476283220e-01
9.933776281020963994e-01
9.830528245406696675e-01
9.954749131304818643e-01
9.680139670690843801e-01
8.392986886230403565e-01
9.865630761321614317e-01
9.965914180579414916e-01
9.996521661113584312e-01
9.958191767053649057e-01
9.871414340694698586e-01
9.969511291883231818e-01
9.997472108898608489e-01
9.956056951761403928e-01
9.838755640502988564e-01
9.893341728476700014e-01
9.974724819546163523e-01
9.998224889886572209e-01
9.061277983464367525e-01
8.024862990638753635e-01
9.904875033030474674e-01
9.974360472682332057e-01
9.995010051825641284e-01
9.964280814632205940e-01
9.875464396179967075e-01
9.721376009335283008e-01
5.308439420480890458e-01
6.086114208669881620e-01
6.827245079419528295e-01
6.735467012418608901e-01
6.991745769571285907e-01
6.768006559437669267e-01
6.307628960637350346e-01
5.322621002268013157e-01
6.945736563558995158e-01
8.533417624723445005e-01
6.835161403325975549e-01
5.947548009152866522e-01
7.264997007587180589e-01
8.929259724536783294e-01
7.137502183666830646e-01
6.426409355013402713e-01
7.560237475646156557e-01
6.701365791010540640e-01
5.569531748438930618e-01
7.417101669392762719e-01
9.079919227839362561e-01
9.572096202373090446e-01
7.840443832837556970e-01
7.142250286502566103e-01
6.290616546693861277e-01
7.696521515309528993e-01
8.984009896775264625e-01
9.822384023835751821e-01
7.238688711702560008e-01
6.504079783168792428e-01
5.622125475212765844e-01
4.515024046836703664e-01
7.647163233809716187e-01
8.930453079721565324e-01
9.907858076195508179e-01
9.812656986962648986e-01
7.482906772444967158e-01
6.919394485785764770e-01
6.263416429214480052e-01
5.445454379909085985e-01
8.053353199707263821e-01
7.508512196855483545e-01
6.868057059449572677e-01
6.063003944447079574e-01
5.011534517379088172e-01
7.880641900382772125e-01
8.887349585519576101e-01
9.900732353947829800e-01
9.998558272905002653e-01
9.960356238693975905e-01
7.695509672622530273e-01
7.273943424452520290e-01
6.790013727357524509e-01
6.186814808062516269e-01
5.399644690181292228e-01
4.354069211790544403e-01
5.355816819436676202e-01
6.095504650800895874e-01
6.870757336391976056e-01
6.760041194221965144e-01
7.025621455820706407e-01
6.800833173757210304e-01
6.265112046352083741e-01
4.932686111293472231e-01
6.937325862577063962e-01
8.754021284715052253e-01
6.804733877396750286e-01
5.746662400429275452e-01
7.244139037284345051e-01
9.013536030186514170e-01
7.115118846992557478e-01
6.344986989185923409e-01
7.588860377594183193e-01
6.563123806817390271e-01
5.247232861925709146e-01
7.423981861230373180e-01
9.194274429396627202e-01
9.777644679068883127e-01
7.857952302170857495e-01
7.102264069939383528e-01
6.188463398605142940e-01
7.713079226113863651e-01
9.021894525681618537e-01
9.880190153507326656e-01
7.222812436656000923e-01
6.428946100677491726e-01
5.483419927119770332e-01
4.230735763927256365e-01
7.641734904275543361e-01
8.945477647228849971e-01
9.943631258960485830e-01
9.917178149126485431e-01
7.476188384899181694e-01
6.920553983833818146e-01
6.272993478642880927e-01
5.412243046632211341e-01
8.058696208310377473e-01
7.522194217146741524e-01
6.890549258599875104e-01
6.043004233037444495e-01
4.841672366726406662e-01
7.884808107659310172e-01
8.862009244073237868e-01
9.844205640675681712e-01
9.955349289383176314e-01
9.998487754739109334e-01
7.698468873742820850e-01
7.322235009454460819e-01
6.885949974242919769e-01
6.299018558277971191e-01
5.460608832712009475e-01
4.249212199185081196e-01
5.000090967018114840e-01
7.192186650575694840e-01
6.475384022317741683e-01
7.701990160691480902e-01
6.666735756172383898e-01
7.529407036485100679e-01
9.151410256454609593e-01
9.670420094725435955e-01
8.268416972806409415e-01
8.414743350366732377e-01
9.627187998757142928e-01
9.797885043778968850e-01
8.697241496234260349e-01
9.224069987608920496e-01
9.808791408338369822e-01
9.858571241089827408e-01
7.220802899485989634e-01
7.194995728826697468e-01
6.986947351275999418e-01
8.543432314333659905e-01
9.039686978885576041e-01
8.391095631303487901e-01
7.528604760794108675e-01
7.443877200065952549e-01
7.257147122900194924e-01
8.624662077640384839e-01
8.995914530117555818e-01
8.889254238417051424e-01
9.892956111094536320e-01
9.918222371216635080e-01
9.820533530505589637e-01
9.607538181623493934e-01
8.857779467769060222e-01
9.232956188000995823e-01
9.249735903772400292e-01
8.279620160957568142e-01
9.973952036077524674e-01
9.959657827437361499e-01
9.867757071712183192e-01
9.694959521996315832e-01
7.774758531482179880e-01
7.675881449778473309e-01
7.510942061519154667e-01
7.274922205596878744e-01
6.956296354384808867e-01
8.880220065612843827e-01
9.176616184945918242e-01
9.433572976897621754e-01
8.782719004724085510e-01
8.012573675028772380e-01
9.999996449106792751e-01
9.973125821208517205e-01
9.891967938547951977e-01
9.750245065924620924e-01
9.537097223424225723e-01
9.240710442879109809e-01
4.999583573826657523e-01
7.153266549616704717e-01
6.474853993823779241e-01
7.677435136204072696e-01
6.666287707645124350e-01
7.518297627534276106e-01
9.066487518750273589e-01
9.698968022156642110e-01
8.223809519281215508e-01
8.369975084436923618e-01
9.555419073566467913e-01
9.822249153882789408e-01
8.650427815657174557e-01
9.174968946548712756e-01
9.749265259102131154e-01
9.877867509743247787e-01
7.220353558405119276e-01
7.296305438552854739e-01
7.200077107983495761e-01
8.516339673053116011e-01
9.011573004086990135e-01
8.365511582812256153e-01
7.528246532376067224e-01
7.526042394116910783e-01
7.428227869812915607e-01
8.612086465706249028e-01
8.983244047715389646e-01
8.877175162632244820e-01
9.838115757482400747e-01
9.943414937178266522e-01
9.932549041945860635e-01
9.816989484225389084e-01
8.829802198776166566e-01
9.204241531766860218e-01
9.221417502634341457e-01
8.254698527574935163e-01
9.933206720864735662e-01
9.983951612732779868e-01
9.961432152040690102e-01
9.866008830273957919e-01
7.774502463265587915e-01
7.742264175207764776e-01
7.648060185154665902e-01
7.490546431834489427e-01
7.262296079161367768e-01
8.867386950750565378e-01
9.163714833572859098e-01
9.420680563687521270e-01
8.771083028979979046e-01
8.002333484230070848e-01
9.974326504967713225e-01
9.999997256488611930e-01
9.974214701046412168e-01
9.893893689238596467e-01
9.751668760617562270e-01
9.539624556367087838e-01
4.999551982345075141e-01
7.089565167831580750e-01
6.474858171453633515e-01
7.630209069750797379e-01
6.666326457819683471e-01
7.488569565783554927e-01
8.926427453632388431e-01
9.650348858645194650e-01
8.150624191684097131e-01
8.295252641046924058e-01
9.429233283257585363e-01
9.776879570527311492e-01
8.573484552729687680e-01
9.093131939656644569e-01
9.637736402937058244e-01
9.834193322463676834e-01
7.220408498283121812e-01
7.386781055171487420e-01
7.389902060407441686e-01
8.464005450903576699e-01
8.955965110351000735e-01
8.313676498449638075e-01
7.528342717164719922e-01
7.600317266492823132e-01
7.582421888927175502e-01
8.578087091649820861e-01
8.947572188653188929e-01
8.841719749602752199e-01
9.731217108025180806e-01
9.905621220961010609e-01
9.970474812434755307e-01
9.940002751489281918e-01
8.775581857313314860e-01
9.147514547601163226e-01
9.164376926756950814e-01
8.203448087415652346e-01
9.843638523653822636e-01
9.951541607338152406e-01
9.990409911563815637e-01
9.963408075778831252e-01
7.774641968100843847e-01
7.802999921630704439e-01
7.773114440297077543e-01
7.686509056479527979e-01
7.538970967060513173e-01
8.832420668017816334e-01
9.127393632036945315e-01
9.383149210829377918e-01
8.735957733206474174e-01
7.970114494673178340e-01
9.903528375480378232e-01
9.976097625203389496e-01
9.999996500801549004e-01
9.974669014729232730e-01
9.895544294362120796e-01
9.757810512830882299e-01
4.999852701590258297e-01
7.002208856202347675e-01
6.475193700862483803e-01
7.562923846171878406e-01
6.666630576709435818e-01
7.443890820268582731e-01
8.733898632221529512e-01
9.529970473478808213e-01
8.050137567158590635e-01
8.192837892028523861e-01
9.252981047797267378e-01
9.667696397112389706e-01
8.467740661096373467e-01
8.980853727818893795e-01
9.479905477433627770e-01
9.733905769434212374e-01
7.220722527038441196e-01
7.467415866808992941e-01
7.558782391986031968e-01
8.389307449134024708e-01
8.876799243180286680e-01
8.240071023773359871e-01
7.528623463476664668e-01
7.666785561866833465e-01
7.720197311873632229e-01
8.526845419464529341e-01
8.894022458512982343e-01
8.788703804898833072e-01
9.578391566660365841e-01
9.811639895514003840e-01
9.941750226100679599e-01
9.984993842385164742e-01
8.698087670391330128e-01
9.066634800450620313e-01
9.083246752791673817e-01
8.130727498296373978e-01
9.712783478545717886e-01
9.869947294998329124e-01
9.962134290192506958e-01
9.994752643584852159e-01
7.774883698882286698e-01
7.857484866432860038e-01
7.885173714961318803e-01
7.861814798906223700e-01
7.785827575858044192e-01
8.779611757431720065e-01
9.072740396663516727e-01
9.326881609244208615e-01
8.683488153606139237e-01
7.922158520051522101e-01
9.796571594242567960e-01
9.909881181877391310e-01
9.977178396892387724e-01
9.999996105631878685e-01
9.976093465665196725e-01
9.903231828066354492e-01
5.000335900506108766e-01
6.904547315375669791e-01
6.475626225363936284e-01
7.485090027080809616e-01
6.666921396967658842e-01
7.389919036877971026e-01
8.518461609278507041e-01
9.364897146637328751e-01
7.937653644115730822e-01
8.078337892359027661e-01
9.052915295771674087e-01
9.518105233419211775e-01
8.349252783569005576e-01
8.855201379972831299e-01
9.298738460695246122e-01
9.597602403233619350e-01
7.220989350755709912e-01
7.533092137133624577e-01
7.696321363891264200e-01
8.302749256004645639e-01
8.785227000118606133e-01
8.155081816489595514e-01
7.528727202232530225e-01
7.721492363972516371e-01
7.833732321919951724e-01
8.464794556513951518e-01
8.829346763800149933e-01
8.724840569278347058e-01
9.401402588480899380e-01
9.680714844107916051e-01
9.862632903203828461e-01
9.964548810308262450e-01
8.608166731139414996e-01
8.972950938852354286e-01
8.989438452459826978e-01
8.046789900664894635e-01
9.558538433240639787e-01
9.755169421915995676e-01
9.890454815521318999e-01
9.971251648751693342e-01
7.774810665337488214e-01
7.902716058309159353e-01
7.978493419439929291e-01
8.007573232326391510e-01
7.990151958377688102e-01
8.715539873480405708e-01
9.006600880798814046e-01
9.258962994420183445e-01
8.620315446693783690e-01
7.864565666679294020e-01
9.667177593035759520e-01
9.813742010496711021e-01
9.916686366265630159e-01
9.978975505681250135e-01
9.999994482267269280e-01
9.979290761574043378e-01
4.999923572872942423e-01
6.811762178118685451e-01
6.475244610939444589e-01
7.407494043046660703e-01
6.666654020990389062e-01
7.332645272918578705e-01
8.314943582252188881e-01
9.192079110533484254e-01
7.831147847955801655e-01
7.969989339329901501e-01
8.860162634760032629e-01
9.359623703026943575e-01
8.237361001578893394e-01
8.736547068183891929e-01
9.121210759406812585e-01
9.452156783566835196e-01
7.220733720236788278e-01
7.581403785903163550e-01
7.798003201009467977e-01
8.216849594326199879e-01
8.694353775173798704e-01
8.070743548136704026e-01
7.528602418044096911e-01
7.762885761015871910e-01
7.919859128255177794e-01
8.399368977794617885e-01
8.761096341328038495e-01
8.657390890595576538e-01
9.226304185856056828e-01
9.538672053663919126e-01
9.758374548376870239e-01
9.903108694887803320e-01
8.519250579574059179e-01
8.880259595576950327e-01
8.896569544419252740e-01
7.963658779699995804e-01
9.402115543148330534e-01
9.628136290717990153e-01
9.795835187422123891e-01
9.912752844889471948e-01
7.774828179700823405e-01
7.938033245006563821e-01
8.051279136031854744e-01
8.120800046083540558e-01
8.147725919371947567e-01
8.648323507390361931e-01
8.937111838869564728e-01
9.187498166067525895e-01
8.553758595156807365e-01
7.803834157105508096e-01
9.531337087258667795e-01
9.703487929275588231e-01
9.834051334996753990e-01
9.926755605318409170e-01
9.981888312341592462e-01
9.999987651523954968e-01
