9.999997869568613140e-01
9.093553690123816757e-01
9.712942006036471287e-01
9.999998237426982461e-01
9.999998123331875766e-01
9.999998406600961731e-01
6.666655885086636424e-01
3.749991595457232707e-01
6.969560370161280716e-01
7.093139219090141001e-01
7.175653625229513333e-01
7.701442617184764972e-01
7.331042561559572013e-01
7.775320584362209742e-01
7.454856025815355114e-01
7.837316086323600217e-01
7.220736075654561326e-01
7.731755725850331107e-01
8.113553172232348398e-01
7.395028759564723497e-01
7.824789286794271437e-01
7.263563541008017932e-01
7.528560494457579022e-01
7.900959775071996205e-01
8.206739271683559656e-01
7.636454636902260118e-01
7.965346606818292097e-01
7.871080889536018477e-01
7.548539018587380189e-01
7.917340200571294506e-01
8.218953794099119747e-01
4.233551185514088933e-01
7.667143413928854123e-01
7.992063964079857419e-01
8.006763067291927660e-01
7.167181278690092361e-01
7.763694991826406433e-01
8.054853049495239725e-01
8.304327073122613756e-01
8.518360519255945285e-01
7.774738731454425844e-01
8.064677040749637094e-01
8.312444808816974451e-01
8.524271677179502404e-01
8.701512654723685403e-01
7.862754267628691007e-01
8.125335352831982716e-01
8.353004051119955475e-01
7.776849700721223391e-01
7.095056912496559010e-01
7.944046450173946061e-01
8.183890835121234719e-01
8.394022564255072538e-01
8.577896550401414855e-01
8.736228198569405690e-01
4.435039366970782160e-01
9.330124664003268675e-01
9.999998311268761819e-01
9.980150760561948831e-01
9.914260193166746227e-01
9.733838100173801688e-01
9.643627366181802829e-01
9.553416998654544745e-01
7.935104759239379746e-01
9.232998635330555981e-01
8.066744876798326302e-01
9.117628843050850085e-01
9.063705681784949286e-01
9.116668877677626126e-01
9.304692636616175294e-01
9.169762997218667833e-01
9.456517062845611887e-01
8.784071677670133305e-01
8.680880550850104127e-01
8.348902938981016542e-01
8.595832139841828035e-01
8.728591192345760419e-01
7.762062541132016547e-01
8.547299009855058305e-01
8.784911836878445124e-01
8.932556736624875926e-01
8.566459124886892651e-01
8.842061504035314545e-01
8.645181340610185172e-01
8.365692702721903018e-01
8.588855655362026553e-01
8.723419635324345389e-01
7.002323248609688688e-01
8.289638192923741711e-01
8.547282262829705157e-01
8.469173514832016858e-01
6.741197732862083125e-01
8.288973145073583737e-01
8.552634167752539707e-01
8.768867367237352939e-01
8.495752760257685443e-01
8.195559082527781314e-01
8.453936922535270071e-01
8.664958147610023476e-01
8.386300802094841522e-01
7.133085992374378348e-01
8.181942536563361346e-01
8.431378456167311075e-01
8.643150726800217232e-01
7.819146634892338854e-01
6.551631167545737267e-01
8.159038696618708952e-01
8.393385972437106268e-01
8.596600849698551317e-01
8.659259973718693715e-01
8.460772639168743225e-01
6.823316836286010822e-01
9.082399564421567151e-01
9.966219113226627568e-01
9.999998615128763424e-01
9.912100950166531366e-01
9.690714237020900956e-01
9.562891804372312121e-01
9.809424556016737018e-01
8.535703464269158713e-01
9.560834777935105500e-01
8.365277939484839775e-01
9.430840562582255560e-01
9.266125854590661071e-01
9.391616149169890182e-01
9.461942670673265665e-01
9.407295321452718850e-01
9.599616555306357268e-01
9.186088713065885258e-01
8.977080649225522846e-01
8.518831161283622055e-01
8.982490829168586766e-01
9.002506068041794540e-01
7.890814844186021526e-01
8.894678870431720341e-01
9.041990004888421639e-01
9.087939601623610253e-01
8.875734377454687074e-01
9.087647666019060821e-01
8.811763311271031407e-01
8.734795469712727245e-01
8.868284152636652928e-01
8.901682254221766621e-01
7.602568044790146695e-01
8.617428131836480931e-01
8.811695915252790723e-01
8.656663894696776662e-01
6.982662091821600914e-01
8.577090036691137342e-01
8.799290052260447803e-01
8.969277752631122924e-01
8.674620735610603095e-01
8.480175602271894375e-01
8.696837602470400830e-01
8.861383793241677242e-01
8.561005716464880066e-01
7.342501843267672523e-01
8.425421377782003063e-01
8.648863615523466608e-01
8.831648774796573287e-01
7.945308004107795030e-01
6.591298513847744234e-01
8.360216473548067739e-01
8.578937806398698740e-01
8.764659943773752682e-01
8.780137534478859029e-01
8.474804863212992423e-01
7.108117218339792265e-01
9.999997819564730994e-01
9.093249426102756328e-01
9.712942007246188059e-01
9.999998204087539033e-01
9.999998089995957296e-01
9.999998373265042151e-01
6.665986766042096834e-01
3.749604019668921207e-01
6.969210646103995987e-01
7.093139220439025339e-01
7.175293522450397754e-01
7.701056088268845023e-01
7.330674660763359940e-01
7.774930387923224551e-01
7.454481911581174458e-01
7.836922778713650839e-01
7.220736150565492117e-01
7.731755765960501847e-01
8.113553172240608458e-01
7.395028797920373265e-01
7.824789327383088189e-01
7.263563578689478106e-01
7.528560533509793817e-01
7.900959816055923568e-01
8.206739314253630457e-01
7.636454676514141671e-01
7.965346648136207852e-01
7.871080930364957595e-01
7.548539018579401016e-01
7.917340200562925645e-01
8.218953794090431142e-01
4.233963545418581997e-01
7.667143413924802919e-01
7.992063964075634130e-01
8.006763067287696600e-01
7.167540919924599851e-01
7.763694991822303049e-01
8.054853049490982020e-01
8.304327073118223934e-01
8.518360475069268745e-01
7.774738731454428065e-01
8.064677040749637094e-01
8.312444808816975561e-01
8.524271632966670120e-01
8.701512474195156610e-01
7.862754267628691007e-01
8.125335352831982716e-01
8.353004051119955475e-01
7.776849700725333436e-01
7.095056912511557012e-01
7.944046450173946061e-01
8.183890835121234719e-01
8.394022564255072538e-01
8.577896550401413744e-01
8.736228198569403469e-01
4.435471444359174176e-01
9.999997789124710490e-01
9.094101943143138023e-01
9.712942058128063438e-01
9.999998183816960484e-01
9.999998069702616954e-01
9.999998352971698479e-01
6.667861797383216604e-01
3.751345909833687653e-01
6.970190833712142098e-01
7.093139333285853887e-01
7.176302616439965698e-01
7.702139038705390073e-01
7.331705606645042561e-01
7.776023811504880756e-01
7.455530268999742693e-01
7.838024920554287345e-01
7.220736308004227499e-01
7.731755850247008510e-01
8.113553172232376154e-01
7.395028878565104158e-01
7.824789412687752632e-01
7.263563657850943267e-01
7.528560615585014881e-01
7.900959902190984874e-01
8.206739403722251858e-01
7.636454759765601841e-01
7.965346734973198783e-01
7.871081016174283906e-01
7.548539018630955333e-01
7.917340200616995727e-01
8.218953794146558467e-01
4.233548819632978466e-01
7.667143413950989750e-01
7.992063964102931184e-01
8.006763067315043614e-01
7.166533054876654818e-01
7.763694991848815175e-01
8.054853049518488906e-01
8.304327073146582361e-01
8.518360382228175043e-01
7.774738731454434726e-01
8.064677040749645975e-01
8.312444808816983333e-01
8.524271540032049010e-01
8.701512094727259505e-01
7.862754267628694338e-01
8.125335352831986047e-01
8.353004051119959916e-01
7.776849700698780232e-01
7.095056912414646755e-01
7.944046450173946061e-01
8.183890835121234719e-01
8.394022564255072538e-01
8.577896550401410414e-01
8.736228198569386816e-01
4.435037173861016702e-01
9.999997812628744764e-01
9.093100710647231688e-01
9.712942042908532247e-01
9.999998199455611969e-01
9.999998085371969436e-01
9.999998368641052071e-01
6.665659696661804245e-01
3.748868160025649043e-01
6.969039724445669215e-01
7.093139299866504377e-01
7.175117502057251073e-01
7.700867122386354513e-01
7.330494828659629425e-01
7.774739657583560337e-01
7.454299042311900436e-01
7.836730527607810304e-01
7.220736240117717752e-01
7.731755813901535213e-01
8.113553172232348398e-01
7.395028843768477467e-01
7.824789375904962485e-01
7.263563623739814901e-01
7.528560580194737506e-01
7.900959865050132258e-01
8.206739365143992382e-01
7.636454723868139061e-01
7.965346697529678277e-01
7.871080979173885606e-01
7.548539018561428726e-01
7.917340200544072948e-01
8.218953794070859020e-01
4.233548303775379051e-01
7.667143413915676886e-01
7.992063964066121740e-01
8.006763067278166446e-01
7.167716768004221972e-01
7.763694991813060442e-01
8.054853049481391913e-01
8.304327073108337398e-01
8.518360422232056361e-01
7.774738731454429175e-01
8.064677040749640424e-01
8.312444808816977782e-01
8.524271580102943391e-01
8.701512258343551132e-01
7.862754267628692117e-01
8.125335352831983826e-01
8.353004051119957696e-01
7.776849700734593807e-01
7.095056912545345540e-01
7.944046450173946061e-01
8.183890835121234719e-01
8.394022564255072538e-01
8.577896550401412634e-01
8.736228198569396808e-01
4.435036550141051581e-01
1.464553465080648820e-01
5.434646190443562785e-01
3.041279997195029394e-01
5.143076498943749408e-01
3.720403139397611691e-01
4.726410275461545574e-01
9.999998347116201280e-01
9.375064902632800345e-01
7.479869674382688682e-01
8.866379636485235416e-01
9.866574909685187356e-01
9.626844041017568188e-01
8.515782506636453419e-01
9.719133413440638192e-01
9.784551289052095813e-01
9.796669218984136451e-01
4.667757780381423527e-01
4.031617126608149637e-01
3.216491555063429875e-01
7.012152085627179066e-01
8.111308792107043697e-01
8.171571983610560475e-01
5.532167737154372045e-01
5.311974328248841859e-01
5.004602194106207991e-01
6.763799929943935529e-01
7.407160717154596119e-01
7.667387397767186918e-01
9.435766544330834726e-01
9.401907474820869748e-01
9.246358973588697516e-01
8.467169095285568270e-01
7.947847241702099552e-01
8.637897339085884862e-01
9.007667757767896521e-01
8.696614081314122391e-01
9.219483253183408111e-01
9.313494528239084636e-01
9.342411600641320479e-01
9.050795407271012838e-01
6.400244668241962254e-01
6.386875225404649026e-01
6.323303307526523254e-01
5.951666178714584143e-01
4.987765581779725621e-01
7.659197681864499119e-01
8.094551799134780401e-01
8.505960391776765661e-01
8.262960514414805502e-01
8.165664262349709990e-01
8.937150027988930434e-01
9.079083916904047147e-01
9.181023013737577010e-01
9.114060295085475438e-01
8.736266642415839723e-01
7.761389550788854175e-01
2.278409394255694609e-01
5.759625275511218723e-01
3.538076060957624502e-01
5.839948549923170695e-01
4.045826716555449010e-01
5.510743714130608151e-01
9.629602690077334604e-01
9.999998771561164901e-01
7.253752485355681179e-01
8.025855235752092920e-01
9.833319637472353048e-01
9.983371164228317385e-01
8.073341091858552421e-01
9.032870764222090676e-01
9.847803975155829947e-01
9.965992146571660548e-01
4.600405125581475407e-01
4.353260481368178003e-01
3.967224628668979958e-01
7.148822450134125761e-01
8.037532976800326745e-01
7.900362637463749227e-01
5.251835107924209822e-01
5.121435151664990304e-01
4.914360737887408792e-01
7.005116431046309877e-01
7.628000209132403953e-01
7.855108509512923609e-01
9.785191715994616679e-01
9.872279617434553955e-01
9.842482254252347129e-01
9.616984577431010317e-01
7.875570362958632664e-01
8.531583741997702530e-01
8.870127911312559732e-01
8.301243454549900314e-01
9.680721615901384247e-01
9.778577574733690048e-01
9.808029572012544328e-01
9.710262092718355831e-01
5.893766319005612209e-01
5.848039751170149847e-01
5.754030242299937870e-01
5.549860428635771115e-01
5.163944837573808400e-01
7.688229944967086560e-01
8.163411927885413366e-01
8.616697068661955949e-01
8.283671103785235079e-01
7.891201740237050455e-01
9.513322587755544957e-01
9.620911438228433310e-01
9.683693453848464250e-01
9.660472944840676757e-01
9.503236019197880413e-01
9.149977464841289043e-01
8.204696223624999840e-01
9.496461180891624387e-01
9.773093958429640571e-01
9.769372492651632323e-01
9.544809384992541945e-01
9.372437051510318362e-01
9.946529479737442614e-01
9.649333188475038847e-01
9.999998383917840794e-01
9.058966246562439872e-01
9.980811319704226969e-01
9.780101185094847160e-01
9.950003565052966126e-01
9.830704620867920518e-01
9.925296280679176686e-01
9.875652828860264076e-01
9.947569433447995824e-01
9.715857994835886968e-01
9.213713164957862967e-01
9.863163395193887961e-01
9.709472142068997780e-01
8.338317609360252902e-01
9.787666617199222152e-01
9.708428849746861822e-01
9.498972922308553946e-01
9.730489284248955428e-01
9.713596202593627327e-01
9.167827994211903420e-01
9.736653612946789549e-01
9.647808687113246240e-01
9.429286756897239385e-01
8.816717729676768478e-01
9.631374581167165827e-01
9.602101232291170296e-01
9.181522282125398338e-01
7.635764606852359915e-01
9.551924203967643301e-01
9.571736331628969419e-01
9.519300890962890671e-01
9.232790621765297745e-01
9.504646679055025471e-01
9.520275573994607665e-01
9.463531839539420787e-01
9.172464782359878166e-01
8.464457113364117768e-01
9.408947421126754307e-01
9.461131706667773589e-01
9.456854032476298411e-01
8.431848725608569461e-01
7.130137596847332393e-01
9.300825087929509571e-01
9.379049384436550785e-01
9.412083153094420451e-01
9.302699047286629996e-01
8.942770329053181255e-01
8.167890048100191480e-01
3.048382607550338963e-01
5.539544380926512135e-01
4.817941349924749761e-01
5.591763371331419652e-01
5.239359446468165871e-01
5.436037191516192024e-01
8.118934921829638052e-01
4.273388076539987313e-01
7.305021743451103333e-01
9.999998031689020239e-01
8.200676439502120330e-01
7.246996307969678641e-01
7.990738642011790960e-01
9.350931491836639298e-01
8.345624172359838999e-01
8.281024117739854695e-01
6.342859010936040542e-01
5.231055881779805850e-01
3.851605380266253653e-01
7.196380960061237175e-01
8.496105090998778975e-01
8.705012535740751511e-01
6.928361524835030538e-01
6.774311234654017966e-01
6.520501410380439289e-01
7.252941859736627972e-01
7.844819115095484907e-01
8.028174700434070887e-01
8.060726517484164688e-01
7.956761134199595853e-01
7.743122291881795460e-01
4.843293537786163561e-01
7.782088740018052730e-01
8.392320675735761570e-01
8.688711941741018574e-01
9.257990190598636149e-01
8.109129408014380536e-01
8.255498160485219561e-01
8.348556939386079234e-01
7.581771334477702684e-01
7.480319813512521510e-01
7.601342172056676505e-01
7.672086490871159459e-01
6.884954588004612575e-01
4.359709905236120453e-01
7.796966330080397078e-01
8.146158023599447962e-01
8.465706159465156144e-01
8.382106218860061464e-01
8.861550704378117205e-01
8.111940583963469509e-01
8.306933053492056018e-01
8.469021333358336401e-01
8.346541641198966799e-01
7.666138406395006655e-01
4.851352228726852345e-01
7.998380591922945593e-01
9.334728657985589262e-01
9.660175290827427430e-01
9.689965501826037775e-01
9.485338136804417619e-01
9.321586972073898636e-01
9.865909157801729945e-01
9.750537882267339418e-01
9.980111833976509361e-01
9.136393914619028722e-01
9.999998959729902159e-01
9.845908080626593062e-01
9.991529195132548002e-01
9.880551160012236434e-01
9.977163676566802586e-01
9.911091366795992119e-01
9.993683699181497015e-01
9.810627047116358135e-01
9.360794623696550021e-01
9.951265528284758410e-01
9.808535598621381801e-01
8.435698157676455589e-01
9.899872718610479572e-01
9.806940371401371426e-01
9.581307346910441503e-01
9.854178717406529842e-01
9.808541662289301799e-01
9.227981922254445690e-01
9.868307890334293564e-01
9.766610497809518066e-01
9.532594962467565436e-01
8.999128504456320732e-01
9.788024963443219262e-01
9.731204799027460828e-01
9.276615027816124126e-01
7.747557432385323573e-01
9.720587082416113356e-01
9.704757967082998649e-01
9.613176147880966305e-01
9.331829050289833782e-01
9.686744652560171920e-01
9.667146701701072598e-01
9.571606625036758187e-01
9.286039209413816664e-01
8.679472357233134483e-01
9.603274785572759598e-01
9.616925322991074498e-01
9.570727963585372589e-01
8.524018436986202651e-01
7.254949431365791401e-01
9.507434619869565839e-01
9.546990158491790446e-01
9.538276326405034089e-01
9.406008796233440439e-01
9.065498458265808246e-01
8.401943907594063843e-01
2.381424944153661682e-01
5.808917138412843517e-01
3.582301180064628165e-01
5.956902938109845946e-01
4.050396176847558816e-01
5.652512050548449407e-01
9.600659111393804457e-01
9.983106170790108091e-01
7.214426701067140346e-01
7.992161104199483335e-01
9.869706225916927700e-01
9.999998645051506596e-01
7.986930729282025743e-01
8.973975300504826169e-01
9.913354039116698546e-01
9.995866551567992309e-01
4.550268193120226567e-01
4.277061749330592355e-01
3.863637887444452690e-01
7.176700757367373562e-01
8.099991345146030364e-01
7.988937139034431034e-01
5.153302300482690557e-01
4.978672832895216782e-01
4.725194569542660594e-01
7.062328473477963442e-01
7.730392442320495050e-01
7.998499607720067628e-01
9.894518773702631886e-01
9.947510915266624121e-01
9.879639953477316050e-01
9.637911789693611730e-01
7.857364487454637780e-01
8.555465752068358576e-01
8.936992095727241958e-01
8.383982989956429988e-01
9.822062006621804509e-01
9.881178718670814431e-01
9.868404599940031607e-01
9.739102885174333313e-01
5.744240444864399109e-01
5.648844115882480921e-01
5.503266539435353044e-01
5.259593190866524992e-01
4.861387778803272774e-01
7.698825485440824457e-01
8.218069050587024638e-01
8.717818077339807292e-01
8.410830983206987188e-01
8.021240605097931242e-01
9.687514795743524809e-01
9.758125639071401070e-01
9.781109138321624208e-01
9.722552989594521744e-01
9.542153988565862388e-01
9.190865914243213641e-01
7.854035125643936688e-01
9.213254113915925192e-01
9.569299443075878209e-01
9.622605283365757156e-01
9.434162149394061947e-01
9.279434864995423915e-01
9.791203684645619632e-01
9.793276254226211952e-01
9.943851948389743622e-01
9.171360416189413556e-01
9.990868671553866376e-01
9.877083711078117334e-01
9.999998295990721875e-01
9.904839949130042065e-01
9.995866578811420933e-01
9.928370161002286753e-01
9.999464729609405245e-01
9.857953387445154148e-01
9.453625464386086197e-01
9.986250085632376594e-01
9.860957090544089088e-01
8.498658757906762951e-01
9.953765582175709836e-01
9.861096053083351354e-01
9.635062953204105440e-01
9.919180502850709624e-01
9.862112076449511822e-01
9.266855861042767595e-01
9.933685987694659270e-01
9.832774825036809663e-01
9.598780141361994422e-01
9.115194645534786533e-01
9.873043315087073335e-01
9.805547439847210889e-01
9.336789493553622199e-01
7.820213181432492666e-01
9.817184857063196990e-01
9.783255851085899124e-01
9.671709920003860317e-01
9.396429117759871330e-01
9.791830311393481256e-01
9.754402209052651651e-01
9.639125616038329847e-01
9.359839618656515814e-01
8.815707196378428367e-01
9.720192967440955956e-01
9.711758994042999360e-01
9.641501572715799329e-01
8.583259265821571171e-01
7.336179974043574026e-01
9.636314520405618866e-01
9.651822564081482536e-01
9.617144475414574067e-01
9.471694566457152797e-01
9.146489397822555878e-01
8.553462886059503001e-01
7.596107660918313131e-01
8.967195382910906343e-01
9.358574269933847001e-01
9.444135709860613792e-01
9.282594113953297477e-01
9.145983519016086527e-01
9.593935561551664160e-01
9.972177934075675543e-01
9.793690519884489243e-01
9.310706081383726129e-01
9.877688432039157806e-01
9.998550787375790616e-01
9.913949605901980489e-01
9.999998826148162046e-01
9.928623235182851836e-01
9.999208855962606890e-01
9.901981961746896266e-01
9.997468179931190413e-01
9.855969817323140258e-01
9.929102142680121812e-01
9.988096252424027988e-01
8.790831211594278827e-01
9.925965196272868996e-01
9.974601598603335395e-01
9.901164405547195901e-01
9.911733794705795964e-01
9.961488063667907067e-01
9.470931221437326464e-01
9.918925715194303327e-01
9.960270289215243933e-01
9.879556229467080231e-01
9.628585492745421748e-01
9.888989812320836403e-01
9.929672518991884411e-01
9.568843389304614311e-01
8.172284799939633082e-01
9.854430034573558039e-01
9.901483624403675243e-01
9.875650167572498361e-01
9.735005373649859850e-01
9.839373446849787319e-01
9.883401214177532923e-01
9.854218748882916934e-01
9.709883480869045957e-01
9.397563560007871075e-01
9.789641384503450228e-01
9.841446306449568304e-01
9.834365188317785167e-01
8.850934050340836245e-01
7.720404251826166186e-01
9.728068927292129464e-01
9.787433688852746894e-01
9.798379032532780197e-01
9.728426475550310260e-01
9.538783987188418356e-01
9.182785870919744076e-01
2.251922879898751173e-01
5.788180690207993528e-01
3.453907986182278567e-01
5.902805606516663417e-01
3.942229871419467568e-01
5.580130056985732612e-01
9.727721641475880476e-01
9.810938310267615092e-01
7.232908157608384236e-01
8.256133661198297169e-01
9.972786697037858694e-01
9.891726943396313976e-01
8.032786062766982260e-01
9.204294355607448574e-01
9.999998884909858665e-01
9.936459805291839587e-01
4.450940424935863615e-01
3.950937688802719228e-01
3.290790732315619915e-01
7.161597546315887630e-01
8.266850986030005455e-01
8.313555440339338576e-01
5.076867135638769568e-01
4.746738022224081810e-01
4.326692963691762817e-01
7.025787687437654583e-01
7.817927496671421839e-01
8.209161345044821978e-01
9.967522297989521718e-01
9.872047862922797012e-01
9.643477012027829032e-01
9.195028805131860716e-01
7.869331867851921958e-01
8.694011348847091591e-01
9.202095446461550088e-01
8.760179273023037672e-01
9.875852862789509246e-01
9.832649040759081638e-01
9.710802492861042579e-01
9.441778927060298088e-01
5.693319943876361533e-01
5.491559585361691642e-01
5.233475291205545998e-01
4.847172824918677403e-01
4.250090737227703030e-01
7.689533016066580906e-01
8.294858946811650702e-01
8.885572984378690142e-01
8.668757781330630463e-01
8.384148023403887873e-01
9.720767084983169548e-01
9.720987575966930638e-01
9.669790068887608170e-01
9.516640751759657402e-01
9.203299467817429580e-01
8.658012975917169785e-01
2.405485295894403963e-01
5.822742659316392233e-01
3.588154877403445520e-01
5.990441850881067509e-01
4.044031590445469893e-01
5.693906846484796391e-01
9.598985922124364523e-01
9.963292786336823692e-01
7.203083594690722347e-01
8.000643720855231678e-01
9.887640442782739125e-01
9.995658334043595605e-01
7.961373138426858231e-01
8.971430824622397271e-01
9.940770749129093087e-01
9.999997865388373652e-01
4.528576660078697524e-01
4.230153612625429660e-01
3.789562534355085943e-01
7.185003684401654045e-01
8.133495011329661128e-01
8.042983112636432619e-01
5.116692765734341952e-01
4.915359946157670801e-01
4.633575529929873094e-01
7.079901131519443780e-01
7.773159169418262238e-01
8.064908250628742836e-01
9.934145612647471424e-01
9.964129743437005748e-01
9.870997556254269556e-01
9.607280517421148414e-01
7.851722074033645749e-01
8.574103427239968545e-01
8.980228351764519834e-01
8.441616692658682197e-01
9.871966929413625857e-01
9.909318486206943888e-01
9.873047118673814460e-01
9.721455827599105870e-01
5.691982960044725814e-01
5.570972279435075780e-01
5.398609662890326844e-01
5.129844546976016773e-01
4.711336824656143785e-01
7.702304450677017744e-01
8.244155245322318804e-01
8.767756436369857909e-01
8.477226577341854252e-01
8.097007850540866025e-01
9.747940137096071656e-01
9.799243560495080052e-01
9.801608463466958687e-01
9.722521035376343601e-01
9.523134634816070587e-01
9.156906685351321462e-01
7.886670731464711093e-01
6.383485274887089611e-01
9.590671122336318355e-01
7.543533908014590228e-01
9.446470336105283749e-01
7.892708234503910125e-01
3.524012879390298614e-01
2.714583127135501428e-01
6.668139281087184234e-01
7.751582698727119691e-01
4.356802219529734010e-01
3.820349611761851283e-01
6.543726935683950030e-01
7.645673931547440905e-01
4.916780900677383270e-01
4.588486555494286634e-01
9.999998113079804352e-01
9.848649070058825838e-01
9.433498592111430048e-01
7.656170081032320773e-01
8.810976228825003753e-01
8.837971906540408318e-01
9.943373170447862286e-01
9.849964799447618047e-01
9.623267420602135136e-01
8.306089249316804812e-01
9.145581922796390817e-01
9.513407815629371100e-01
5.176230262640115765e-01
4.842657273008292296e-01
4.418328467316237629e-01
3.767758995428815982e-01
7.446073521161410413e-01
8.245001821402608844e-01
8.744431513598336370e-01
8.369331662109416037e-01
5.730400654115904713e-01
5.547523712250916894e-01
5.309239582560051351e-01
4.920256642058026264e-01
9.769791534768342833e-01
9.735863698016649082e-01
9.624472485120882936e-01
9.343547330011016117e-01
8.785873050497629011e-01
8.047864744826641603e-01
8.644261216078770182e-01
9.223283715984715858e-01
8.979065534226317036e-01
8.692497663943579145e-01
6.279596848229205275e-01
6.199745436149417532e-01
6.082570204440191919e-01
5.862803463464468789e-01
5.467705785262364504e-01
4.803211704249785163e-01
7.523728284308297543e-01
6.287017513169960159e-01
9.299012029596273043e-01
7.304287753189677712e-01
9.240599709319990973e-01
7.588594614934893734e-01
3.795768928703145417e-01
3.507383227323466746e-01
6.749224120093947343e-01
7.484431143329378644e-01
4.505977171687294836e-01
4.265949174187460002e-01
6.732833903569094280e-01
7.632002981267757002e-01
4.999223485313352144e-01
4.833330133201116929e-01
9.873670264696762233e-01
9.999998306826074490e-01
9.893092283839574064e-01
7.594493663616852519e-01
8.530114375071738975e-01
8.377117260772511953e-01
9.918273511556746636e-01
9.983079313631697538e-01
9.927160596288365779e-01
8.168095656668882265e-01
8.886125762044885246e-01
9.142869919464853279e-01
5.182379603485551822e-01
5.008893366362855426e-01
4.756770811645006924e-01
4.380309748693246852e-01
7.490703716877833429e-01
8.175616533662787289e-01
8.558798590787393135e-01
8.036915885041150398e-01
5.661183581239047635e-01
5.557514677254425939e-01
5.403877464245850915e-01
5.162301053217378533e-01
9.853970929166055992e-01
9.905085968515372485e-01
9.883313627807364110e-01
9.754052509466055731e-01
9.472424049997766327e-01
8.017128037914058591e-01
8.556806247607405824e-01
9.076126035704941142e-01
8.746742751353522305e-01
8.316925404137983646e-01
6.131475336197360626e-01
6.082910218587956885e-01
5.999411575042145062e-01
5.851668924800986771e-01
5.605648612073447223e-01
5.220951855276951825e-01
7.133576084808490592e-01
6.215444362074418194e-01
8.930756091781977268e-01
7.114251329843456206e-01
8.948488281266552269e-01
7.331321786270837970e-01
4.158556825494919007e-01
4.199864394168319470e-01
6.814413298531614149e-01
7.334232866093308711e-01
4.776634772137399176e-01
4.744691220479468341e-01
6.897105059453094711e-01
7.655061512764227416e-01
5.205226543653368454e-01
5.170140691158663371e-01
9.615807848058591789e-01
9.912879756458001790e-01
9.999997436318514010e-01
7.540170286789298348e-01
8.320504508009175515e-01
8.041323305437965141e-01
9.747697531223977752e-01
9.925280946721456443e-01
9.993031698419491127e-01
8.034981614681163675e-01
8.651765568285966213e-01
8.816900490896473208e-01
5.341046193979794854e-01
5.296778426826541653e-01
5.181716706626487978e-01
4.984961514653784009e-01
7.534469743684961696e-01
8.125403820330948657e-01
8.412483790712272924e-01
7.793944108082137001e-01
5.746072187643758156e-01
5.720193093995498135e-01
5.648511316067681420e-01
5.517885121785097713e-01
9.779310156833229684e-01
9.902338181512191362e-01
9.957473581574429744e-01
9.934819990338351614e-01
9.816443645710606347e-01
7.982711156908012251e-01
8.463966811203462726e-01
8.921807314354909257e-01
8.528742842651575451e-01
8.014631478537470599e-01
6.138216539781500281e-01
6.132911939675811386e-01
6.094859688026608158e-01
6.012166610828737490e-01
5.869545436329842714e-01
5.649729340030534841e-01
7.689015302222893533e-01
9.066912358212410039e-01
9.454113324783915973e-01
9.533563946042022952e-01
9.364986724323910439e-01
9.222864637029042356e-01
9.689372102960864819e-01
9.815979305115128950e-01
9.881655986821684667e-01
9.192100639944417173e-01
9.958638569749951319e-01
9.896769291070174335e-01
9.988915943859792979e-01
9.920508903170848214e-01
9.998692559056820972e-01
9.939105628501098133e-01
9.980884803829744856e-01
9.892549447081071534e-01
9.547111588725087916e-01
9.999999026189263507e-01
9.903102422352192402e-01
8.563399235108098972e-01
9.990197042340031031e-01
9.907157143149155631e-01
9.691037170936108724e-01
9.970572925315243085e-01
9.909403376423849830e-01
9.307347695925590747e-01
9.981178090216764609e-01
9.890431044143460637e-01
9.666775385387126329e-01
9.237636105942652609e-01
9.944128839501783501e-01
9.873309742947131706e-01
9.398329067355273292e-01
7.898296248036436040e-01
9.903844987931765820e-01
9.857015509615388860e-01
9.731103398769924695e-01
9.466349981840159744e-01
9.887081235424222125e-01
9.837035122036489332e-01
9.707630294124816039e-01
9.439092845790301167e-01
8.959072459665953225e-01
9.831388930633789824e-01
9.804015307227517129e-01
9.713055037384363821e-01
8.646272682873888948e-01
7.423364744856760788e-01
9.763680562797376616e-01
9.756423023153295571e-01
9.697136428337527203e-01
9.540551032859471148e-01
9.234053926108372057e-01
8.713928233960304137e-01
7.427821044977056530e-01
8.810213173873436832e-01
9.228958022561543073e-01
9.339852459504711657e-01
9.199529884345869490e-01
9.077877959165806532e-01
9.473057529766770735e-01
9.935720980172177974e-01
9.708283853258939944e-01
9.288871452668874262e-01
9.821146539439397083e-01
9.983962181892516163e-01
9.879516946525723764e-01
9.990874695692382179e-01
9.910336269436931245e-01
9.992883496541332677e-01
9.855937093641906621e-01
9.994442405715574518e-01
9.901357588523187481e-01
9.914295784752799046e-01
9.999998929289062310e-01
8.827472287894283509e-01
9.934853780441781357e-01
9.996934392018415050e-01
9.937869346376698720e-01
9.937884444798028571e-01
9.990642576727880586e-01
9.501596075063034608e-01
9.936833466603621767e-01
9.992084463033917840e-01
9.926110312504599076e-01
9.715424674768915470e-01
9.931582321425331816e-01
9.975953914035652348e-01
9.617097258215855371e-01
8.234118365481888357e-01
9.914979088002054963e-01
9.957835141088773323e-01
9.927078383687526486e-01
9.797022513314348480e-01
9.907309514667456130e-01
9.947394610907913659e-01
9.913503056457144691e-01
9.779948391707926625e-01
9.511448224602458978e-01
9.875988985458519220e-01
9.918098706264628639e-01
9.900234075853858728e-01
8.911915187106029812e-01
7.797064299003264587e-01
9.833134117969097865e-01
9.878791205428403277e-01
9.874769085655878964e-01
9.799000339905944434e-01
9.623815173089821373e-01
9.317270324643065482e-01
5.724870081957205148e-01
6.163242428273345563e-01
7.223295419736992518e-01
6.928899450246533975e-01
7.320195311248151038e-01
7.018717875770064119e-01
5.922020703006471987e-01
3.654266241325441755e-01
6.880219549517267996e-01
9.194034892786673296e-01
6.537022112288705111e-01
5.182478086251044447e-01
7.108872851964904704e-01
8.965905251264514320e-01
6.891812915798261052e-01
6.137781637079113839e-01
7.842137238185326042e-01
6.556380796353856732e-01
4.948487035177471238e-01
7.468068525637061583e-01
9.337365039269507339e-01
9.999997653823115007e-01
8.044803350763017891e-01
7.326139708958472330e-01
6.449859761942934311e-01
7.814762786867722744e-01
9.018639384569097084e-01
9.768949585029450544e-01
7.048039807620217756e-01
6.273474152651814517e-01
5.350924889080419522e-01
3.755024621489427838e-01
7.608798501003909420e-01
8.801460730406337474e-01
9.689463292528577298e-01
9.819593058064214341e-01
7.353528216272737783e-01
6.953571526984682061e-01
6.472275558112111637e-01
5.589536160311080470e-01
8.171908514221269959e-01
7.800101637603716886e-01
7.342398763534974115e-01
6.479223511459663021e-01
4.857545040690807170e-01
7.908853534114749229e-01
8.698154356348974936e-01
9.481768824009817465e-01
9.566005350304346289e-01
9.830760526050380532e-01
7.631379430800167007e-01
7.454237681755804257e-01
7.227624173184232781e-01
6.758569581640344603e-01
5.836548307197821917e-01
4.145031906773921637e-01
7.548556622395297122e-01
6.278143152128196069e-01
9.347078633437332362e-01
7.283718396678401374e-01
9.296585409215160078e-01
7.564824978540174438e-01
3.743146575207949578e-01
3.236555377386416410e-01
6.756148832807126192e-01
7.668850450678673658e-01
4.437701390797545442e-01
4.022187702645790841e-01
6.747263937494986097e-01
7.799518609683349091e-01
4.924712472988803103e-01
4.619446521737593514e-01
9.945014619602717820e-01
9.905238040393010701e-01
9.614047314267487598e-01
7.589849611543247887e-01
8.678379829136307899e-01
8.656941266976133642e-01
9.999998011774062778e-01
9.932195742534190019e-01
9.732368588010333887e-01
8.159634170780639684e-01
8.998904284557346367e-01
9.374479083696402038e-01
5.098315490884275381e-01
4.783788232936407314e-01
4.380939801409235446e-01
3.836194507968749279e-01
7.493362562494534362e-01
8.300400375886228810e-01
8.806048671174772080e-01
8.375688919038756231e-01
5.570996495401292492e-01
5.355490889344898253e-01
5.083783110621489243e-01
4.710657139904039781e-01
9.945946418984550341e-01
9.891904712454208104e-01
9.757804607785769413e-01
9.501960040169038502e-01
9.071561027116976650e-01
8.016080265507158353e-01
8.652134969744867954e-01
9.273238735263343857e-01
9.029600001745470284e-01
8.678505521538680823e-01
6.035379724943055191e-01
5.898403352334118388e-01
5.722461716076946425e-01
5.472034309819409081e-01
5.106364505681986188e-01
4.577657021297051321e-01
7.355699601377903019e-01
8.742279731442855750e-01
9.172659572365330360e-01
9.294775457455374257e-01
9.164195212256458500e-01
9.049737205159629205e-01
9.419809447297524674e-01
9.906341306181605244e-01
9.670119860045564009e-01
9.268792068272322382e-01
9.795723089133647754e-01
9.968372166145530455e-01
9.864256174311969438e-01
9.979648971879442332e-01
9.902862209784306646e-01
9.984697455586729609e-01
9.834531943357930350e-01
9.983264730139602694e-01
9.901950138610159380e-01
9.906667027215394494e-01
9.996918267072496533e-01
8.829246016254634899e-01
9.938089127889245811e-01
9.999998572211019621e-01
9.940708093722513405e-01
9.949406563583216290e-01
9.998217600200903776e-01
9.504690698687797701e-01
9.943636115599173708e-01
9.998887581212680953e-01
9.932828064330809781e-01
9.730377570763557582e-01
9.949696229541684644e-01
9.990377217607077087e-01
9.627080648060818424e-01
8.244871922153600430e-01
9.941698810043396728e-01
9.977979568202004490e-01
9.940034684747178773e-01
9.807937119928324954e-01
9.937039228557932313e-01
9.970646422705726764e-01
9.929649550705927918e-01
9.794129073693490506e-01
9.535015000111582983e-01
9.914539860947177985e-01
9.948054780631807592e-01
9.920870381552258088e-01
8.925848535271045936e-01
7.812584385388162689e-01
9.880655887895890555e-01
9.916244424077058639e-01
9.901385285030420702e-01
9.817864508371514365e-01
9.642120154639796104e-01
9.347375208522404888e-01
7.090758768272024115e-01
6.198142700380872006e-01
8.908450299233913183e-01
7.068311580329925681e-01
8.946418738868676668e-01
7.269488910079203725e-01
4.177594020510470574e-01
4.221536846901559614e-01
6.830197752696751667e-01
7.355162010292916053e-01
4.768157150941777500e-01
4.726012612653631151e-01
6.936686047318327830e-01
7.710006014177757105e-01
5.178646900247084739e-01
5.126681825501624434e-01
9.627895056216906333e-01
9.916204894345104215e-01
9.993394358514251508e-01
7.527064431010839218e-01
8.319684296927823963e-01
8.052673408120138987e-01
9.783896950959816152e-01
9.947629390171297548e-01
9.999998131068927876e-01
8.003242819444524869e-01
8.636187080076891398e-01
8.818826196068321188e-01
5.301654429941314861e-01
5.239788080746002885e-01
5.106284180695246366e-01
4.895079791585251194e-01
7.544912922944060352e-01
8.153875610076776193e-01
8.458626338047571247e-01
7.847804095594259621e-01
5.687049233801758641e-01
5.640057457116547379e-01
5.546409208517145695e-01
5.396309797920457729e-01
9.841061795012208124e-01
9.947470463761617365e-01
9.984488883612011589e-01
9.945670378989710514e-01
9.816741199953339381e-01
7.974676208015156753e-01
8.475419444735733387e-01
8.953890314542674034e-01
8.575172505936686784e-01
8.067812386273082170e-01
6.058884120272569618e-01
6.030990113390864993e-01
5.969608151548851938e-01
5.865109555682918030e-01
5.704647235004367545e-01
5.473910821677738792e-01
7.440293816692350459e-01
8.833004127219157287e-01
9.259223499060118545e-01
9.375239437393395603e-01
9.237657245333855682e-01
9.117574408452759904e-01
9.506552648741922740e-01
9.801615404362392647e-01
9.749675048476689199e-01
9.185191663071677892e-01
9.868311456904239609e-01
9.892643346595634268e-01
9.930716703276943891e-01
9.916806279874910146e-01
9.964155333773963008e-01
9.933646410675188720e-01
9.905423894204409274e-01
9.904933155004149725e-01
9.657893406766336897e-01
9.969665944663208546e-01
9.929399284572643092e-01
8.642014561991184785e-01
9.994318427674402372e-01
9.942582777222362944e-01
9.760137853112569317e-01
9.999998636845655042e-01
9.950156261681932790e-01
9.357559087081072091e-01
9.998139222638064982e-01
9.939385714912447600e-01
9.749947100841939163e-01
9.401857854554773741e-01
9.997002963562003908e-01
9.938518173752219909e-01
9.473769586198513837e-01
8.005701059810483855e-01
9.983050851698777040e-01
9.933316584475680999e-01
9.803710487743042545e-01
9.564005975614489063e-01
9.976844087727475552e-01
9.924263069468682863e-01
9.791475014955967060e-01
9.548267823732985438e-01
9.154238888076691172e-01
9.948161339616492516e-01
9.906966899770625057e-01
9.800674273964363747e-01
8.732318764018923707e-01
7.545049913240701178e-01
9.907922388075169895e-01
9.878786846427846102e-01
9.795735622272416787e-01
9.632596759567870759e-01
9.357182986172681849e-01
8.932620569255802501e-01
7.299902629058301340e-01
8.688602589697315137e-01
9.127191897165086720e-01
9.257563404564659315e-01
9.134417852751541833e-01
9.025611165790767831e-01
9.376150122001630782e-01
9.880158769753276671e-01
9.637248136117140263e-01
9.249909593841689759e-01
9.772211608253048576e-01
9.952746754588748246e-01
9.848411166084710677e-01
9.967547356680709347e-01
9.893069068772816221e-01
9.975173656529289223e-01
9.813707095560644245e-01
9.970612747994738179e-01
9.898796416889219518e-01
9.895987660197421709e-01
9.990351830301311686e-01
8.827544600607128977e-01
9.935612804170192991e-01
9.998177788498714413e-01
9.939624984949188002e-01
9.953368158722394332e-01
9.999998504714006087e-01
9.504127042235094303e-01
9.943604246542145919e-01
9.999633799279432633e-01
9.934412054819504734e-01
9.738440179021875531e-01
9.958214287492300754e-01
9.996897058547831172e-01
9.631248943269447027e-01
8.250424436057828270e-01
9.956905403673044219e-01
9.988957093712903523e-01
9.946404206016774552e-01
9.813270180417836830e-01
9.954347240823238074e-01
9.983794684534768038e-01
9.938248925494722608e-01
9.801746127068834413e-01
9.549480418430229545e-01
9.938709052580463332e-01
9.966367463991274711e-01
9.932845813743630403e-01
8.933538134929653873e-01
7.821767774022886366e-01
9.911809113430518625e-01
9.940301527377485291e-01
9.917817040528671413e-01
9.828875676672563788e-01
9.652831074539746092e-01
9.366465062688454912e-01
6.644510416842099865e-01
6.240417845709677058e-01
8.258651679806053858e-01
7.155390604691765910e-01
8.262110006421170549e-01
7.353037279083909361e-01
4.865570025067173510e-01
3.257417210310262767e-01
6.801431700020400539e-01
8.643800218532662338e-01
5.552348289417946559e-01
4.423613456815414513e-01
6.889596658977517052e-01
8.580564169414109932e-01
5.989402531320064949e-01
5.242318300146557863e-01
8.823135589212407481e-01
7.905938341001824687e-01
6.678590478132216957e-01
7.541566880178348642e-01
9.261386609152435501e-01
9.786748011916128753e-01
8.927545320141786478e-01
8.306222633912028197e-01
7.523627023708969741e-01
8.014174479176360277e-01
9.239547176642221027e-01
9.999997996438617642e-01
6.172554857786490823e-01
5.409002834719014441e-01
4.509357771929686232e-01
3.241668857983120988e-01
7.542346014857380654e-01
8.745143088689069089e-01
9.646016879437496749e-01
9.610628410099628649e-01
6.578661234564281424e-01
6.094235317658011075e-01
5.529198162879650491e-01
4.718780056025299596e-01
8.938858143753444230e-01
8.540175329230910162e-01
8.048027730798569257e-01
7.299529112640348316e-01
6.110739775622310299e-01
7.967879712776838597e-01
8.839795882893630719e-01
9.710282848552760360e-01
9.755117647785035428e-01
9.797754252460948443e-01
6.967001149795460924e-01
6.676129038307763164e-01
6.333459820859117517e-01
5.824746131243667691e-01
5.024147689407287842e-01
3.770966677924336707e-01
2.500370012875164361e-01
5.859416271630253359e-01
3.642653549153543890e-01
6.082777957109732903e-01
4.062700655593822208e-01
5.812225558298406147e-01
9.553131394917623309e-01
9.810051053745340033e-01
7.171642750605367045e-01
8.066464497242659126e-01
9.894262537726314921e-01
9.897386971143624645e-01
7.887130138633082765e-01
8.996292546814258495e-01
9.976705020823990466e-01
9.937537671387852711e-01
4.513094350652704922e-01
4.107782222073385059e-01
3.550130880389167909e-01
7.209332383249513754e-01
8.263500668117378378e-01
8.260449167715884222e-01
5.058269749128452286e-01
4.752995103306748015e-01
4.359964099358698553e-01
7.134786340607502941e-01
7.927077161195368316e-01
8.312529632910624633e-01
9.999998232434947898e-01
9.931938306343345291e-01
9.732460744633729677e-01
9.364922229941438081e-01
7.833887020071558238e-01
8.652505747739678288e-01
9.155946462359753069e-01
8.680712373446797248e-01
9.969954697600293958e-01
9.919085627160719731e-01
9.788375170676597570e-01
9.541574992846840741e-01
5.587986327632283867e-01
5.371089867029804621e-01
5.097752129039765379e-01
4.728229093424334839e-01
4.214836532677021519e-01
7.714658602315703773e-01
8.343390560934791367e-01
8.958663698566668998e-01
8.735347694207534763e-01
8.401494892021849070e-01
9.879165218841314822e-01
9.853723131737235352e-01
9.774707175145749272e-01
9.611859930490062043e-01
9.328622700279551871e-01
8.882645631191151692e-01
2.694905465445832093e-01
5.897772712262578931e-01
3.820975966336577212e-01
6.185094935292086982e-01
4.199062830434645011e-01
5.951166284924332972e-01
9.378110364506626606e-01
9.888007118695956166e-01
7.136507505080489366e-01
7.815690363665548368e-01
9.770607448749513146e-01
9.957172166941645752e-01
7.798235353254151514e-01
8.742320750593194356e-01
9.889192312033596721e-01
9.977267356840980872e-01
4.629858551092041474e-01
4.426068500965333885e-01
4.086936022138696334e-01
7.238759724329367762e-01
8.133932525166935879e-01
7.990994984937891399e-01
5.126675161783748047e-01
4.957585931245848676e-01
4.710414307347446372e-01
7.207125738368861390e-01
7.893459144337048317e-01
8.171527305553160092e-01
9.938009663839587615e-01
9.999998216920253924e-01
9.941260114860338559e-01
9.751679427877206763e-01
7.810078890343334912e-01
8.518249837390062806e-01
8.911803505696515026e-01
8.343022558942804201e-01
9.948849617769460751e-01
9.986577646536797248e-01
9.950114678139178048e-01
9.823109499474275141e-01
5.603547971865971977e-01
5.476729457183615590e-01
5.298884461492935349e-01
5.050193509015034055e-01
4.704702917150032637e-01
7.733437591616889595e-01
8.290164647659358232e-01
8.829279252492293617e-01
8.529116302523490623e-01
8.105433173288610904e-01
9.901210980568605491e-01
9.934938743646132275e-01
9.918014525861436059e-01
9.834742034994946591e-01
9.664252508173691858e-01
9.383036098110555390e-01
7.046609735749791437e-01
8.417201379295752295e-01
8.869062258872750792e-01
9.018896926561049687e-01
8.918075228600371718e-01
8.827544181191050443e-01
9.116965368318665774e-01
9.797151967111809023e-01
9.400468778926360791e-01
9.176980636652350976e-01
9.557590934997440835e-01
9.877527643658114975e-01
9.653691464856526405e-01
9.893888328541918797e-01
9.715497123738537910e-01
9.901823808951730754e-01
9.603807921445887130e-01
9.901596924921808318e-01
9.989801143945090667e-01
9.711073815411418453e-01
9.928398089936880666e-01
8.894150813914539766e-01
9.772569948703222487e-01
9.941322435162005533e-01
9.999243391126453329e-01
9.808922856489518116e-01
9.946545491706553221e-01
9.547369511745680271e-01
9.785527518618358789e-01
9.948323136961572111e-01
9.999997476272629582e-01
9.945255215800445914e-01
9.823327846246633355e-01
9.953833788470872745e-01
9.685825303169716127e-01
8.399086023720722105e-01
9.841603330085152423e-01
9.952050981206862490e-01
9.993637122843420650e-01
9.961902437114460440e-01
9.843602212160832421e-01
9.951740680012132190e-01
9.990575586356215121e-01
9.955657724732723812e-01
9.834878099059860546e-01
9.848264845372021181e-01
9.942881467209484514e-01
9.980641173013811152e-01
9.055052959412025482e-01
8.021211123019856837e-01
9.842207195132022246e-01
9.927483434195772949e-01
9.965067009670119935e-01
9.948459319878699691e-01
9.866747170691545499e-01
9.707971698540098782e-01
3.246023090559544966e-01
5.972740968973565545e-01
4.387195145055307055e-01
6.395193512652596057e-01
4.675186158845008877e-01
6.250208432157401406e-01
8.808168957141642164e-01
9.599024206336828069e-01
7.063923766368962465e-01
7.457784015684313372e-01
9.294555694102550891e-01
9.708539463922989388e-01
7.604410771824657855e-01
8.312155359306701019e-01
9.494076880779758199e-01
9.753265692046997337e-01
5.096769010099562180e-01
5.189356281523060943e-01
5.164252367938971799e-01
7.303349734538351345e-01
7.976252822088046868e-01
7.634812664517988123e-01
5.492849007004023676e-01
5.534811122053457932e-01
5.510384658103202327e-01
7.375706455857252708e-01
7.905457962614420575e-01
8.021480655738170151e-01
9.581764307083876497e-01
9.819686257792943351e-01
9.954783004167553351e-01
9.999997137405352010e-01
7.754183637343989854e-01
8.295593822997120448e-01
8.524043601235216094e-01
7.828129220395808607e-01
9.686029843135577355e-01
9.852886146580513982e-01
9.955571803860114866e-01
9.996765752747898137e-01
5.857109269218364611e-01
5.878900857506427213e-01
5.856841001697777882e-01
5.790543629478076548e-01
5.675177120370336059e-01
7.781017510198844356e-01
8.222282050623016536e-01
8.639163393687215864e-01
8.223343028680448752e-01
7.678441471858342693e-01
9.738271668147446825e-01
9.864968533982330090e-01
9.946649680946226812e-01
9.982656781217722486e-01
9.968434543193614994e-01
9.899203939785106154e-01
7.365401836245877298e-01
8.759745163337980811e-01
9.195835898892503746e-01
9.321975964695282668e-01
9.193669868706343395e-01
9.080630103464877312e-01
9.445285883530485371e-01
9.786677204405728192e-01
9.701620216768978011e-01
9.174333526139285544e-01
9.831749100238045269e-01
9.883226787877706920e-01
9.903563114022534419e-01
9.908744666388918931e-01
9.944418919682227465e-01
9.926218731869946854e-01
9.872209291127834740e-01
9.899310155047547077e-01
9.683413541579497519e-01
9.948957875469465195e-01
9.928357238507391491e-01
8.660419881987957424e-01
9.983711780471073993e-01
9.944880922639393050e-01
9.776474131047220295e-01
9.997307597778430921e-01
9.954758115155797338e-01
9.369427593362587015e-01
9.990585804380046619e-01
9.944920548460884913e-01
9.769662737762127014e-01
9.446320618123836832e-01
9.999999036421256537e-01
9.949074857893335233e-01
9.491793001671245955e-01
8.035382100156162055e-01
9.994286692797168525e-01
9.947585679242993972e-01
9.821114299847496509e-01
9.591413454364914326e-01
9.990700086461427043e-01
9.941250858064107909e-01
9.811680121288491874e-01
9.578549555081811162e-01
9.208788761990006622e-01
9.970480888614660087e-01
9.928841186363811522e-01
9.821937471962738364e-01
8.756110850555450797e-01
7.579771229210326977e-01
9.938865268509547990e-01
9.906520109285821274e-01
9.819930736951723027e-01
9.657652285981288554e-01
9.392557529705845010e-01
8.993954259562716436e-01
7.215278833846376916e-01
8.604025751139807721e-01
9.052484043957295112e-01
9.193594266002895754e-01
9.080753151699285652e-01
8.980038291867601385e-01
9.302967043763247235e-01
9.845424248579963677e-01
9.577562744739255285e-01
9.223672654126133796e-01
9.724696382943477380e-01
9.929749891424808350e-01
9.811198346728319253e-01
9.948457580800115219e-01
9.864276284464822409e-01
9.958915315186762651e-01
9.769299768835714159e-01
9.951172846215058376e-01
9.907894840932883751e-01
9.864869543929764006e-01
9.977933153819538159e-01
8.835053598581923406e-01
9.915569425712073004e-01
9.991268352317891344e-01
9.947120203716439679e-01
9.942306464129161414e-01
9.997289651459302373e-01
9.510175011682024948e-01
9.926499383241568220e-01
9.995847909222587147e-01
9.945175838320702288e-01
9.771970526471565055e-01
9.952691506913554642e-01
9.999999101005793145e-01
9.643231854114310275e-01
8.274338057977386196e-01
9.960736447245692737e-01
9.997433215912454596e-01
9.959783671949374861e-01
9.837027017738971812e-01
9.960764101249298674e-01
9.994957739832835975e-01
9.954400297615221271e-01
9.828348580925139188e-01
9.597655153202065970e-01
9.954742163222901619e-01
9.983898182326353954e-01
9.951856868659298971e-01
8.956221293254087445e-01
7.854421503356998624e-01
9.937650265204496236e-01
9.965037351285853662e-01
9.941254058243345071e-01
9.854621711373534598e-01
9.688564170247202512e-01
9.424676861706894337e-01
4.456629054513162602e-01
6.010549239789307885e-01
5.873596302515634582e-01
6.521185490424181719e-01
6.121754675558415126e-01
6.458347119766543187e-01
7.277181634834277713e-01
6.035020141646552094e-01
7.019770835669345566e-01
8.859153184515632384e-01
7.737539167883384916e-01
6.735438674834571815e-01
7.465858710866309922e-01
9.253206243174991741e-01
7.968336308648670263e-01
7.243278208301321408e-01
6.663509161563553329e-01
5.559857402904428980e-01
4.181383798149637121e-01
7.350139166193115914e-01
9.120682264920593196e-01
9.713547709603396196e-01
7.031789446604448379e-01
6.236547711493627411e-01
5.290604947752601817e-01
7.518119869810512279e-01
8.813005214981671775e-01
9.668305521334913388e-01
8.039419697399813325e-01
7.286765884811019500e-01
6.375283543467944458e-01
5.138638914505394562e-01
7.706362892176116253e-01
9.007292628414110824e-01
9.999998181974841804e-01
9.970803157656635829e-01
8.195388202623410390e-01
7.675222871506978128e-01
7.059796363622070636e-01
6.220776578441452598e-01
7.348688055422144538e-01
6.794215668512577633e-01
6.148974900417558676e-01
5.283984288454341982e-01
4.052959615503571311e-01
7.828861631510103392e-01
8.793740914881119641e-01
9.763278018614238718e-01
9.875312702577486723e-01
9.930883157796661642e-01
8.310888955732840255e-01
7.964771067354025069e-01
7.556908999005994554e-01
6.992373820775272808e-01
6.165461824119350398e-01
4.947795139778825568e-01
4.585501801957173607e-01
6.016719599839801536e-01
6.027161962142425500e-01
6.541761199114995984e-01
6.266418458867154540e-01
6.491737709868624639e-01
7.118922141378984936e-01
5.544121435474502757e-01
7.012514711357675790e-01
9.044327705329865408e-01
7.582039901061409237e-01
6.442809925431419726e-01
7.443446467492734753e-01
9.294729510418006102e-01
7.821116602293963771e-01
7.067422595149456255e-01
6.819886432128099418e-01
5.601071451107314525e-01
4.092169483497861693e-01
7.357737027070140323e-01
9.194430786348535278e-01
9.843002878388444898e-01
7.179655195850320748e-01
6.370473417445929876e-01
5.407637011855621623e-01
7.540644817822904633e-01
8.825965417264665103e-01
9.670702154952922625e-01
7.891454472800307762e-01
7.110273200980439245e-01
6.169957669568697511e-01
4.804832311250519239e-01
7.698782971579335443e-01
8.988821281154285581e-01
9.970903217943326569e-01
9.999996297318680671e-01
8.058129161256377682e-01
7.565453342122434588e-01
6.980274969211657243e-01
6.114993548847917904e-01
7.485714616030564317e-01
6.969029157939217178e-01
6.362839919733020988e-01
5.479070387787607910e-01
4.107389600364189652e-01
7.836202365251027091e-01
8.754052795310928170e-01
9.673879250094146176e-01
9.787464970338312087e-01
9.920664433226594747e-01
8.185711683169055730e-01
7.892036009569151078e-01
7.539971470822383059e-01
7.000333852476424701e-01
6.130741807526800535e-01
4.747899068972064041e-01
2.737597112360294904e-01
5.913935117582618251e-01
3.845286967383184651e-01
6.228051996262973233e-01
4.204508038048379026e-01
6.009052793001136150e-01
9.356735095589349127e-01
9.758557677838857192e-01
7.121746754636538723e-01
7.895553460198821982e-01
9.774706540887255768e-01
9.863961133884810994e-01
7.761173029364345499e-01
8.796003923632730315e-01
9.910145444698658102e-01
9.911162688565636758e-01
4.622424927463028022e-01
4.320114184433351823e-01
3.872916005433954534e-01
7.251032908684093004e-01
8.240502091207246860e-01
8.176791918967503126e-01
5.096808423025533941e-01
4.837393442482532113e-01
4.493283207604151785e-01
7.236900813563699186e-01
8.008469322023238357e-01
8.368135596323285075e-01
9.970836669917114703e-01
9.945396466060780760e-01
9.792153965965495477e-01
9.503277659468519767e-01
7.800280367877114873e-01
8.592270392386658351e-01
9.070349453050842170e-01
8.560463438401696434e-01
9.999998441632526047e-01
9.960301704078696750e-01
9.841224536897987818e-01
9.627213672673186062e-01
5.549865217753980895e-01
5.341604997844798808e-01
5.077728279344243534e-01
4.739143968252597094e-01
4.300582855951824990e-01
7.740997067917968488e-01
8.372586480230544970e-01
8.990710961065565554e-01
8.751310846168646185e-01
8.374632407285724778e-01
9.971338026485861983e-01
9.937294071969298148e-01
9.848746864315837124e-01
9.689979136531359227e-01
9.439999061765048660e-01
9.075402061703046197e-01
7.145379514524251574e-01
8.533691580054780790e-01
8.990051223698103389e-01
9.140004085935430345e-01
9.035824524159056237e-01
8.942050389515435738e-01
9.241476065541258667e-01
9.808018196821166601e-01
9.526938704691341187e-01
9.194747998116026277e-01
9.684079145908818242e-01
9.903928732638652699e-01
9.779226281417352507e-01
9.926812924226052770e-01
9.839525568785393306e-01
9.940527034282601315e-01
9.731004417515014548e-01
9.928009495031877574e-01
9.902310935966247563e-01
9.837505292794603839e-01
9.961321648515812921e-01
8.831091261154871974e-01
9.897492412107208315e-01
9.979991366958047561e-01
9.943398765125522898e-01
9.931920764174417826e-01
9.990267718992760226e-01
9.507002144209901751e-01
9.910668656713196301e-01
9.986953893519371350e-01
9.943946880970100377e-01
9.783985375985302380e-01
9.946573447756715813e-01
9.997445617898784720e-01
9.644504556775562731e-01
8.282557135808437110e-01
9.962624195295571861e-01
9.999998590612473315e-01
9.963054127267638727e-01
9.844731781545796867e-01
9.964661379618316994e-01
9.999607928429303794e-01
9.959819589807591411e-01
9.838259008845893216e-01
9.619791183655814759e-01
9.966869543712593149e-01
9.994404632528528509e-01
9.960575008574703570e-01
8.965285645044583918e-01
7.868822722151103122e-01
9.958173645006085373e-01
9.982027045339714189e-01
9.954420020291482318e-01
9.866430473719104421e-01
9.704430228516639501e-01
9.453436035802359472e-01
3.030968263957730668e-01
5.954029942536636089e-01
4.146224203266448138e-01
6.340699289630673530e-01
4.456814772843480932e-01
6.169714718560078692e-01
9.053756464960037720e-01
9.746264392755011885e-01
7.082815861310128858e-01
7.586081872218763955e-01
9.522385834014378547e-01
9.847273872194137745e-01
7.656965849591423900e-01
8.463262137214103698e-01
9.701698409088941322e-01
9.885746261124953582e-01
4.869916472104038885e-01
4.840243042255453765e-01
4.686449164464348560e-01
7.285771317851134077e-01
8.053626255807405654e-01
7.795726378839942239e-01
5.289889296399565843e-01
5.235322731360741999e-01
5.109469016993881674e-01
7.327772565280390449e-01
7.933241671571936715e-01
8.125797102954670503e-01
9.783028715739688908e-01
9.944115299821694176e-01
9.993981935261890825e-01
9.941934530184634022e-01
7.770139890174331265e-01
8.390269222153565742e-01
8.697079618830355630e-01
8.057390545613731803e-01
9.862753057807848167e-01
9.966107116934699306e-01
9.999997575351399215e-01
9.963490242436583433e-01
5.682174122640569758e-01
5.627226613514502152e-01
5.525062116537942103e-01
5.371408962996911951e-01
5.157222843192790229e-01
7.766716710849619343e-01
8.270544855789870864e-01
8.753586085084688051e-01
8.394050885978551202e-01
7.899741498552691477e-01
9.888118996320237608e-01
9.962789398593134838e-01
9.988979596080275192e-01
9.962835470572690699e-01
9.876253537884315259e-01
9.720490261005481081e-01
3.260770659786518810e-01
5.979458754741090454e-01
4.393049202437049883e-01
6.414076875242691322e-01
4.671599331327120908e-01
6.277054075111093701e-01
8.803280352132258901e-01
9.589965705553830100e-01
7.057390898907879295e-01
7.455895691990458429e-01
9.301667505885606868e-01
9.709760480711795427e-01
7.586967081894829823e-01
8.301144061588983103e-01
9.510369066132258187e-01
9.762030404689563401e-01
5.088527309536545751e-01
5.174094167264889910e-01
5.141481595448205155e-01
7.309169998678338720e-01
7.989948495106915516e-01
7.654522597855079047e-01
5.473399138824718291e-01
5.505967939995474181e-01
5.471667668832065345e-01
7.390837273685206821e-01
7.930382097819040910e-01
8.055143293873648913e-01
9.602262327827970623e-01
9.832737049347256564e-01
9.959560406003126198e-01
9.996929044745936910e-01
7.749161401832169727e-01
8.299531068980761095e-01
8.537177274444811559e-01
7.847339534135931993e-01
9.716384625271975439e-01
9.874648711390640043e-01
9.967976422860704844e-01
9.999997110710745485e-01
5.825811577964663535e-01
5.836693533808526846e-01
5.803295177292269180e-01
5.726133727364883796e-01
5.601360309674753291e-01
7.785257961571009355e-01
8.236828608465366353e-01
8.664566840417095017e-01
8.256091709321912164e-01
7.715467436027267922e-01
9.778819501502248324e-01
9.896274334520245297e-01
9.968024321300387181e-01
9.994130697629082238e-01
9.970784480093859425e-01
9.894032153674185981e-01
7.236137721917320631e-01
6.205499838313708327e-01
9.081614931888576381e-01
7.090750265579623957e-01
9.111479923477399101e-01
7.304099141279465357e-01
3.999936402554249426e-01
3.749316093877942957e-01
6.822392776691705851e-01
7.578299554095777602e-01
4.592379230733342199e-01
4.312272197665659168e-01
6.913937532147303999e-01
7.889735920146127013e-01
5.009640109496892313e-01
4.764669999637797804e-01
9.804145375871157198e-01
9.878960359011896841e-01
9.717183954431780624e-01
7.534698789766446358e-01
8.532916199534756885e-01
8.441050867095455379e-01
9.952730488941984310e-01
9.938983104906501387e-01
9.797994099096842824e-01
8.025068536624887505e-01
8.827014577830823994e-01
9.173468213954091288e-01
5.132988483135094704e-01
4.876665138850628800e-01
4.536017533789848954e-01
4.096746128477833926e-01
7.537622940626321766e-01
8.314902178139311761e-01
8.788884705308043221e-01
8.303542168274420376e-01
5.527750240130372417e-01
5.322329409171212555e-01
5.061663751914258214e-01
4.728362386188992295e-01
9.999997408856884373e-01
9.959692290516081181e-01
9.839755792591234895e-01
9.626422333349846649e-01
9.297107983986371282e-01
7.981555518983984854e-01
8.620483933598456217e-01
9.244840359551680375e-01
8.985859138102815225e-01
8.584213710598787017e-01
5.910388303634519502e-01
5.753368740177076113e-01
5.557015930926776370e-01
5.305149855780540991e-01
4.977812195908670745e-01
4.552692998493017562e-01
7.116094062219264771e-01
6.186814359293739685e-01
8.962820571067027231e-01
7.038668563067498329e-01
9.015362339344028531e-01
7.230415805891534653e-01
4.118898543555713498e-01
4.060828860621976122e-01
6.840379449275588719e-01
7.450952398578739588e-01
4.686482770762427363e-01
4.550162129408921730e-01
6.961654502398695321e-01
7.820885624329485530e-01
5.083249601339189239e-01
4.945973815619272851e-01
9.712565993771296036e-01
9.918329545044910489e-01
9.902713302570231857e-01
7.518804614060102809e-01
8.395879370035210787e-01
8.202246495947889127e-01
9.886820288958507730e-01
9.974574358266954377e-01
9.943778931317768244e-01
7.983911478668418438e-01
8.693089997390391899e-01
8.951210489850822682e-01
5.196277097136039469e-01
5.048024754800027880e-01
4.822883252146016875e-01
4.516400427191314959e-01
7.551261541955505141e-01
8.237818604508370113e-01
8.620191276189556051e-01
8.061842309102323911e-01
5.567686490247666375e-01
5.442897370990571471e-01
5.267550868639603312e-01
5.032446695960111072e-01
9.962472281953876907e-01
9.999998277283866921e-01
9.962964769868339898e-01
9.845726229304179178e-01
9.634661502356877127e-01
7.970064829291820807e-01
8.540097083506558162e-01
9.091768983255543723e-01
8.770398676894773926e-01
8.307636802502726958e-01
5.925511618614098808e-01
5.828044363298224839e-01
5.694222015369237999e-01
5.514435405000760460e-01
5.275839166248046386e-01
4.964226690200447267e-01
6.939628528116741357e-01
6.165675741254413866e-01
8.776244128278192225e-01
6.978404194058943633e-01
8.854886263797613344e-01
7.143257702654839392e-01
4.307694517163134784e-01
4.419530287390509571e-01
6.861237079458167853e-01
7.350925565283001895e-01
4.849848105767469164e-01
4.840723150343942960e-01
7.018358974553858820e-01
7.779348159600751877e-01
5.222898054636254672e-01
5.182237639451811040e-01
9.551297699861512891e-01
9.861326794225078185e-01
9.964286685431357204e-01
7.499872395296960370e-01
8.273521719757841453e-01
7.993678817590842423e-01
9.754378720236152045e-01
9.925758820682634154e-01
9.986741398930615299e-01
7.933555260602213055e-01
8.561342156120961278e-01
8.742736523450383990e-01
5.326216099460108211e-01
5.274676428050842913e-01
5.151975955499271675e-01
4.960517057968907295e-01
7.567991538351837022e-01
8.175769015321255884e-01
8.478392788312959505e-01
7.857275371301724043e-01
5.670009920464480491e-01
5.618752293684767807e-01
5.520705020716736300e-01
5.372534374450065320e-01
9.862569079053311594e-01
9.966148549948858903e-01
9.999997992064031394e-01
9.964167764226417034e-01
9.851400114065987923e-01
7.955502831025943467e-01
8.464000803652360627e-01
8.950781995557561821e-01
8.575274810198925124e-01
8.061445231098357533e-01
5.998165265589546769e-01
5.956176700228708043e-01
5.880297630862938441e-01
5.765752124280595359e-01
5.604914013565476250e-01
5.389454253198215916e-01
6.717126356035032497e-01
8.064865472878981478e-01
8.535770551997203803e-01
8.713471037443422107e-01
8.644598460721349964e-01
8.580984699444107466e-01
8.781363502577941293e-01
9.572709807953496686e-01
9.095947007652954719e-01
8.989634857238782972e-01
9.284659800068201241e-01
9.696630937890233781e-01
9.409983082715619451e-01
9.730007753713517671e-01
9.497772475786336877e-01
9.752062584348925034e-01
9.336309470717434333e-01
9.727641379399771804e-01
9.925283697541064099e-01
9.478955089133789258e-01
9.777988709958225222e-01
8.842900238881753472e-01
9.572339495895707540e-01
9.810963616111419983e-01
9.946702951312524910e-01
9.636655742966003801e-01
9.832987966572125371e-01
9.500502188463281206e-01
9.591295351142665737e-01
9.824542712469264139e-01
9.954488396796523642e-01
9.995867444350364783e-01
9.662787627428424120e-01
9.852840861492480062e-01
9.651119380721339125e-01
8.436482656334773900e-01
9.710388090707582354e-01
9.870274685906199608e-01
9.965371537143686842e-01
9.999781215225468367e-01
9.718068487688612533e-01
9.875951651942067588e-01
9.968556383506735896e-01
9.999996682983115504e-01
9.967623136076810830e-01
9.753056595694608033e-01
9.888433778708246580e-01
9.969839162974454272e-01
9.094594792714363329e-01
8.116300601620553001e-01
9.778089425306828453e-01
9.896240175499890768e-01
9.968725679196531742e-01
9.996002244968402728e-01
9.974686167895479016e-01
9.901292573460191981e-01
6.493531047917389110e-01
6.120718640443720826e-01
8.288882320836192807e-01
6.847015044794801941e-01
8.425151992966376513e-01
6.948710554979213860e-01
4.803614362172022312e-01
5.185877236162277359e-01
6.906810660292208581e-01
7.222326879876300731e-01
5.295423278288508007e-01
5.487335835350686253e-01
7.145505675411346624e-01
7.763767031515594885e-01
5.615185255660698482e-01
5.728590785433252952e-01
9.108593661871960956e-01
9.556343141993612900e-01
9.821641685310124048e-01
7.457323817349461592e-01
8.077110239327609520e-01
7.670822879274546979e-01
9.374145429252908057e-01
9.661745130651624436e-01
9.852763554565815429e-01
7.817272116496341017e-01
8.320038129261912996e-01
8.385695761492691913e-01
5.702154087781775571e-01
5.804289490243326188e-01
5.842227159056230246e-01
5.826070465301452783e-01
7.606718102517968649e-01
8.095721482666905500e-01
8.277561290729836818e-01
7.562056730902051438e-01
5.983112323003144661e-01
6.050364111833831382e-01
6.075758754243740789e-01
6.062807460448721431e-01
9.553905798454302989e-01
9.752871973464929400e-01
9.890350666321664486e-01
9.972723716923167503e-01
9.999996249507098200e-01
7.920728044970473114e-01
8.333535949470046722e-01
8.719484157987266171e-01
8.262864488441890032e-01
7.675839174985576996e-01
6.243281539665992419e-01
6.292042178323856705e-01
6.310275692053606278e-01
6.299068165756663840e-01
6.257084236299748081e-01
6.182978666629936892e-01
7.136904764896526698e-01
8.529043613623356057e-01
8.989973067847597532e-01
9.143964210814566895e-01
9.042980712105961327e-01
8.951684763183891391e-01
9.242553186286314171e-01
9.712844222095147195e-01
9.533324145683463868e-01
9.116636409997872503e-01
9.695002492596143107e-01
9.830450697798501780e-01
9.793900747271399032e-01
9.862657314572682576e-01
9.857219049975344261e-01
9.884710553845472703e-01
9.743068897685109864e-01
9.855390720391329351e-01
9.736345279287702548e-01
9.854343025273101242e-01
9.898911384185018481e-01
8.698684964436113054e-01
9.918243445711303341e-01
9.926746889111642824e-01
9.810168211634151536e-01
9.955807869488689787e-01
9.945185493225221496e-01
9.393283712448050604e-01
9.932430999319713516e-01
9.934601989634539443e-01
9.811559203060720158e-01
9.565335661757368158e-01
9.972353425881416156e-01
9.954085203262976744e-01
9.530702310517252807e-01
8.116195103566118396e-01
9.991614798837218370e-01
9.964607250587563803e-01
9.859069778175573173e-01
9.667123710238226808e-01
9.994530418384838244e-01
9.965041841426358626e-01
9.856628690462573283e-01
9.661445597267710461e-01
9.363344684521557326e-01
9.999999524659204386e-01
9.967595212027944296e-01
9.870258119473331870e-01
8.821291463802997113e-01
7.680098200382161622e-01
9.994599175221577925e-01
9.962750818101078210e-01
9.876388890525635844e-01
9.725608875173813450e-01
9.495653679730151620e-01
9.170312407329145321e-01
7.039871665510717413e-01
8.425051373186677184e-01
8.891320709138731404e-01
9.053241669186182783e-01
8.961409530624020459e-01
8.877791882347491059e-01
9.143214414109929189e-01
9.748683876394145242e-01
9.442843232175279766e-01
9.147455417648721054e-01
9.613519437846648197e-01
9.860383574607132218e-01
9.720716534624557204e-01
9.889187856719948710e-01
9.791384938032529073e-01
9.907660734982928208e-01
9.663180405373291704e-01
9.887696900487403795e-01
9.893914640834968743e-01
9.784556495118296171e-01
9.929881662382356033e-01
8.824728797820119430e-01
9.857531267726996616e-01
9.955941742765411773e-01
9.936998878263316737e-01
9.903020858299844686e-01
9.972263974967462419e-01
9.501208627837905984e-01
9.873475825792022986e-01
9.965869200896978475e-01
9.940667110101085724e-01
9.805991026360190155e-01
9.922996652250850591e-01
9.985051243186104930e-01
9.644291356945784432e-01
8.297869144828825538e-01
9.950578279909539914e-01
9.994784171195221223e-01
9.965187031941690199e-01
9.859350985634728337e-01
9.955153419411577609e-01
9.997037525053231732e-01
9.964686381699363604e-01
9.855689774784865964e-01
9.659944287160822096e-01
9.969232640281369129e-01
9.999999023672831999e-01
9.969566858600609205e-01
8.980419849515020037e-01
7.895633900535627969e-01
9.972663712597537033e-01
9.996638610721824136e-01
9.969082660599656309e-01
9.884660352749538026e-01
9.733589106256261836e-01
9.505254590707683526e-01
6.892438465617241050e-01
8.262410645510872564e-01
8.732563664609807041e-01
8.903143402889159841e-01
8.822848181679054935e-01
8.749166947884988721e-01
8.982086715745575267e-01
9.693209275998970753e-01
9.290498271469794789e-01
9.097981147353121356e-01
9.471039558187922536e-01
9.809089875031006267e-01
9.587837904786936649e-01
9.839135765985629334e-01
9.667373325534778239e-01
9.858343592368794539e-01
9.522029119914279249e-01
9.838582360447689634e-01
9.949439089256242319e-01
9.654807432422097824e-01
9.884049680194831877e-01
8.867081799057058289e-01
9.738467787870463965e-01
9.912703668172333504e-01
9.976964786475585045e-01
9.793632894575662329e-01
9.930981943788005362e-01
9.532370527211063704e-01
9.756150080740962904e-01
9.924695515539766477e-01
9.982928591527091555e-01
9.943224236986918374e-01
9.817095736262699823e-01
9.947723796057528212e-01
9.680091007391513624e-01
8.400087295814097077e-01
9.854915262165239165e-01
9.960545677776435625e-01
9.996913788442439719e-01
9.965607290712374944e-01
9.861220839356678036e-01
9.964693396896526778e-01
9.998439758660023768e-01
9.964066275341015855e-01
9.856001432674811324e-01
9.885955818331286782e-01
9.971770732638627344e-01
9.999997595914192905e-01
9.068159562106271609e-01
8.037286744275108363e-01
9.900366203850095026e-01
9.973452165027579808e-01
9.997911760386640756e-01
9.971896262312149872e-01
9.889448951449807401e-01
9.744227577095668780e-01
5.304868361544916588e-01
6.085793237017521617e-01
6.823256484156406954e-01
6.734554581309984966e-01
6.988116912908902689e-01
6.766686386304632261e-01
6.311684440719491640e-01
5.327272241449959589e-01
6.946051971753186560e-01
8.533847671249316091e-01
6.838925212091678807e-01
5.951310894523802464e-01
7.265853970882935053e-01
8.930564297307672650e-01
7.140956072657463904e-01
6.429558153293410960e-01
7.556498167181550096e-01
6.697085201806325383e-01
5.564749244384492588e-01
7.416816233078427079e-01
9.080014753565749386e-01
9.572554644331054963e-01
7.837085302779283058e-01
7.138240735162153516e-01
6.285947304961687632e-01
7.695759065503734453e-01
8.983759911604699555e-01
9.822676257066808025e-01
7.242013710520845970e-01
6.507081321716243760e-01
5.624736437112873855e-01
4.517380592084475621e-01
7.647416741406515284e-01
8.931264493707878893e-01
9.909219445486708855e-01
9.814238875928660288e-01
7.485851738811081235e-01
6.921863666471994581e-01
6.265357727001160670e-01
5.446947481946089464e-01
8.050442358841578550e-01
7.504905755879558438e-01
6.863735459017257234e-01
6.058072909110491233e-01
5.006239723679378750e-01
7.880420673119207242e-01
8.887728820458326018e-01
9.901747046755735582e-01
9.999997375849496439e-01
9.961959230095828177e-01
7.698037054231907650e-01
7.275931247278710767e-01
6.791421477557445519e-01
6.187684821014660663e-01
5.400107105768979787e-01
4.354367322244310778e-01
5.271044284919956802e-01
6.087513119123582062e-01
6.776716751284441731e-01
6.737563432473239189e-01
6.940362478609544139e-01
6.768592133794237853e-01
6.360565846795745992e-01
5.041717443436299906e-01
6.945084859600584304e-01
8.761581690486586194e-01
6.892741514800929670e-01
5.840524894683357671e-01
7.265013447537629343e-01
9.036953772057499945e-01
7.195632824019840834e-01
6.427882506138953289e-01
7.501550274484640735e-01
6.469039667295746199e-01
5.147878183466185753e-01
7.417029710503135753e-01
9.188204042564707130e-01
9.773203994276898898e-01
7.779976462331299469e-01
7.018669153416563500e-01
6.099802173569938146e-01
7.694715942232138728e-01
9.004810215826227759e-01
9.865353801005931622e-01
7.299891910833622433e-01
6.508025796143738217e-01
5.563678755995470349e-01
4.312802238414575884e-01
7.647822926093783558e-01
8.953900501736467010e-01
9.954150551095674038e-01
9.927624216888139008e-01
7.544095013188912846e-01
6.988750483909834665e-01
6.340975485996217520e-01
5.480348649289864538e-01
7.991653552550933570e-01
7.450391724434143326e-01
6.814212451133410120e-01
5.963091706163856642e-01
4.759982514214529670e-01
7.879536205925175008e-01
8.858901928717549668e-01
9.843417439507539113e-01
9.956332644100073237e-01
9.999995567682165021e-01
7.756318856173100018e-01
7.379482414743570029e-01
6.942258360465284328e-01
6.354529886870950994e-01
5.515954932934258315e-01
4.305737279430842945e-01
2.958626622135469564e-01
5.954530680043005342e-01
4.051933448491477074e-01
6.340993976895531459e-01
4.360719928602239670e-01
6.168431512685452756e-01
9.151313287917954842e-01
9.670147347663252679e-01
7.082741371946809084e-01
7.747977561124639312e-01
9.627115507599989241e-01
9.797655203406537838e-01
7.657967990806160419e-01
8.615010423379787508e-01
9.808738627200801474e-01
9.858377456741229672e-01
4.764097308453705271e-01
4.564275019643444509e-01
4.226161575334905218e-01
7.285408352697293477e-01
8.204886197812272242e-01
8.076904827250516172e-01
5.180668608851950463e-01
4.979662919978227187e-01
4.697419890161959044e-01
7.325590323993057540e-01
8.061915522206325457e-01
8.382348526994519711e-01
9.892910791538184201e-01
9.918036988020004774e-01
9.820197252983938752e-01
9.607042659328188794e-01
7.770893598737029784e-01
8.522444182487667330e-01
8.961128649732837959e-01
8.415270969117674138e-01
9.973929552068165894e-01
9.959509357064088020e-01
9.867474984552320194e-01
9.694537040015384077e-01
5.570527896610770746e-01
5.389324450232635400e-01
5.154007592933448345e-01
4.857791497180072304e-01
4.488768215213401191e-01
7.765628660844426934e-01
8.382685440778725461e-01
8.985307424033831536e-01
8.721615990688108555e-01
8.306852052465945047e-01
9.999997896273272735e-01
9.973014484800011292e-01
9.891738767632339835e-01
9.749891926838510914e-01
9.536613214562238428e-01
9.240088101777584884e-01
3.039864186121118972e-01
5.964920445902793800e-01
4.136447229859102070e-01
6.370813273467008653e-01
4.431908699240261762e-01
6.211805836640024170e-01
9.065847358645008347e-01
9.698558037462983172e-01
7.072412644239658430e-01
7.632357620665852771e-01
9.554922588065490885e-01
9.821928626225445713e-01
7.629703979875754882e-01
8.493497412542918568e-01
9.748894338891929134e-01
9.877612386203369343e-01
4.835264439107546108e-01
4.742635380604082740e-01
4.520530647294629389e-01
7.294852598138541477e-01
8.122760850269835631e-01
7.915158504652780591e-01
5.237001280065332054e-01
5.121598562283464773e-01
4.930870279724596239e-01
7.350869749433478484e-01
8.014005098954390949e-01
8.261605541988525925e-01
9.837793448709964972e-01
9.943214936510785806e-01
9.932484005756581080e-01
9.817097297135640721e-01
7.762488096908506385e-01
8.439154723314249429e-01
8.803021179669417995e-01
8.202619651175642179e-01
9.933026769111431564e-01
9.983842076860640624e-01
9.961398775584207055e-01
9.866078686580668222e-01
5.610249966336815497e-01
5.497378746593611920e-01
5.334286331748612220e-01
5.117913571434945519e-01
4.840480855407798821e-01
7.772995688610491172e-01
8.330479376831956273e-01
8.870143336648295129e-01
8.553375907198642603e-01
8.090819921241724222e-01
9.974297204808569850e-01
9.999998016591574723e-01
9.974247968013683074e-01
9.893978162309950974e-01
9.751841143013226798e-01
9.539941817503028165e-01
3.166263149373453323e-01
5.977558494352785967e-01
4.274768456737617628e-01
6.407666055981663389e-01
4.554192648565573709e-01
6.266258400692428232e-01
8.925111010717519111e-01
9.649464731098528203e-01
7.059632227882410849e-01
7.526628692074168736e-01
9.428148744925128888e-01
9.776161866001694678e-01
7.594129858552994827e-01
8.374059300951396390e-01
9.636868367279829428e-01
9.833602576756809155e-01
4.961215452745490473e-01
4.968151752276292465e-01
4.852311202436879745e-01
7.306754905443852977e-01
8.053126954934340942e-01
7.774188847838784389e-01
5.345594568874669772e-01
5.309925844454312927e-01
5.203726510400222827e-01
7.383320622559336188e-01
7.980762396978945405e-01
8.162459043547336535e-01
9.730423353979540391e-01
9.905115631762685391e-01
9.970288636985226161e-01
9.940199017515134461e-01
7.751682936354303832e-01
8.360575428453613789e-01
8.656857317427031351e-01
8.007990741873735052e-01
9.843092213744185637e-01
9.951200753183258030e-01
9.990291436839645600e-01
9.963557619612564142e-01
5.698923924035256272e-01
5.650099565074174768e-01
5.554305223934421498e-01
5.411427911595079188e-01
5.216926067580129889e-01
7.782672271794689456e-01
8.285805963102381710e-01
8.768013115576740457e-01
8.402916495877921221e-01
7.897475282578945155e-01
9.903245488124290397e-01
9.975952074842908690e-01
9.999997580551963638e-01
9.974849298990757784e-01
9.895962117528680491e-01
9.758552875815245109e-01
3.335195260767422898e-01
5.992967646961198103e-01
4.462441726529015051e-01
6.453081769587647454e-01
4.722146959766336249e-01
6.334049981341801638e-01
8.733758451093124320e-01
9.529892665637500482e-01
7.043869244001194074e-01
7.429087229158028993e-01
9.252830913588431239e-01
9.667607826660259418e-01
7.549765987122560862e-01
8.254765103119752201e-01
9.479750338769595830e-01
9.733808827219676552e-01
5.135809307568459658e-01
5.235025146334224555e-01
5.216232909779093818e-01
7.321610781196905560e-01
7.996144837707944708e-01
7.653806812427759176e-01
5.499099591570223433e-01
5.536939881063654978e-01
5.507993306167452419e-01
7.424292343610235934e-01
7.963892321713696987e-01
8.086887629339960526e-01
9.578231921445659047e-01
9.811541092624965765e-01
9.941718198589093447e-01
9.985034647281222364e-01
7.738028396376511742e-01
8.286535904557709165e-01
8.522765290834543039e-01
7.831525578555065259e-01
9.712620792167564465e-01
9.869840685992455898e-01
9.962088475835652046e-01
9.994772743536390891e-01
5.827983602691964027e-01
5.838042418181629278e-01
5.803753585023130324e-01
5.727419716935954197e-01
5.607122706334112250e-01
7.795059757871193318e-01
8.249858173071357159e-01
8.680943189282082084e-01
8.272671654165720811e-01
7.729177364366200953e-01
9.796406448904706465e-01
9.909767435928522605e-01
9.977120300453842239e-01
9.999997261034020424e-01
9.976157389966701095e-01
9.903362260960358876e-01
3.521617036190701766e-01
6.008546464496921091e-01
4.672234180147467053e-01
6.499543205561030268e-01
4.911766968878283901e-01
6.404186773734978910e-01
8.519459493667023153e-01
9.365775043122909205e-01
7.027729819388103261e-01
7.346675154168966770e-01
9.053739492310057813e-01
9.518808763515954618e-01
7.503788615670797801e-01
8.146747110387672075e-01
9.299386826303206455e-01
9.598158979192373819e-01
5.334476632097152615e-01
5.512888306696431817e-01
5.576169443019090011e-01
7.337020246838220627e-01
7.952818589268371152e-01
7.558233857967219249e-01
5.676454011498495156e-01
5.777472270996493187e-01
5.814345400488609705e-01
7.467324251389207967e-01
7.959279505771009733e-01
8.033417132999979282e-01
9.402004310210564375e-01
9.681221414835867733e-01
9.863028770733039963e-01
9.964808489445142747e-01
7.723674463406032809e-01
8.221909596959248168e-01
8.408264696268795690e-01
7.682519449601806771e-01
9.558941416364497012e-01
9.755509569100112577e-01
9.890725124927322032e-01
9.971434776422160029e-01
5.980381311580414971e-01
6.041290048439265092e-01
6.059799800726087815e-01
6.039890081518368703e-01
5.981434022527326588e-01
7.808262642273133824e-01
8.222547720397433979e-01
8.610765728693363652e-01
8.166326680388831250e-01
7.591439576019796132e-01
9.667368814334397209e-01
9.813899761367538277e-01
9.916808644309135223e-01
9.979049663578958285e-01
9.999996806012555473e-01
9.979185875936985584e-01
3.696587233979757858e-01
6.021562799069265504e-01
4.872226695459799251e-01
6.538867109918189424e-01
5.094859389238852732e-01
6.464289999935185493e-01
8.314793487131401095e-01
9.191808125524706385e-01
7.014058974755856823e-01
7.284020818665695174e-01
8.860367066457252028e-01
9.359680421868918909e-01
7.464324812271810883e-01
8.060222496077696919e-01
9.121726402225224239e-01
9.452488335156352672e-01
5.527825492759211867e-01
5.768524477860195177e-01
5.895432912064495490e-01
7.350257429152377009e-01
7.921871671785331026e-01
7.487777439849196970e-01
5.852285721865705392e-01
6.003439626365463244e-01
6.092099922000819845e-01
7.504795641578919652e-01
7.960270743220373424e-01
7.996753463838554010e-01
9.226901853598081793e-01
9.539087975955178322e-01
9.758586637865628299e-01
9.903114928576877141e-01
7.711164841352846633e-01
8.170648065882017974e-01
8.318616811335973749e-01
7.566819400979869492e-01
9.403046675850510461e-01
9.628852088068448056e-01
9.796315137122584282e-01
9.912992745757690516e-01
6.135360534753844242e-01
6.237175315795708830e-01
6.297908854679301616e-01
6.322494806236482745e-01
6.311794969443550452e-01
7.819941269852792587e-01
8.202427191714667387e-01
8.556990329986864374e-01
8.084350311585573046e-01
7.485527471606741035e-01
9.532613417143305234e-01
9.704522038441902865e-01
9.834824750726509635e-01
9.927262270874822603e-01
9.982135192847069183e-01
9.999995629046682932e-01
