9.999994928240169001e-01
9.205434795886128230e-01
9.715418873033008218e-01
9.999995258489848826e-01
9.999996162449552584e-01
9.999995036782127755e-01
6.927507406468570439e-01
4.049288144979668047e-01
7.111250833147692019e-01
7.093141088679568718e-01
7.316251540944702647e-01
7.846448756042598838e-01
7.474475128472287677e-01
7.921370657862479847e-01
7.600701421175973804e-01
7.990635740197085113e-01
7.231798823736219628e-01
7.737683082577210270e-01
8.113562814051564764e-01
7.400914809587473275e-01
7.830329373182739472e-01
7.263568420195885000e-01
7.534336184742693732e-01
7.907011506105473542e-01
8.213016163612996134e-01
7.642304480141679512e-01
7.970986351854435492e-01
7.871084533218657420e-01
7.548991846837681541e-01
7.917805487831793831e-01
8.219427347920886806e-01
4.253572484281667454e-01
7.667382039949456329e-01
7.992312510312500340e-01
8.006762776868590059e-01
7.170708587641468901e-01
7.763927857174571789e-01
8.055094812780106972e-01
8.304576508694156978e-01
8.512115963929535178e-01
7.774756633557164953e-01
8.064695872764484630e-01
8.312463686563315024e-01
8.517787063237751699e-01
8.674973567304077315e-01
7.862763495294115001e-01
8.125343614994808839e-01
8.353012746610467554e-01
7.776849347810737001e-01
7.095056640064726361e-01
7.944046616604903965e-01
8.183891488015744287e-01
8.394023126268987944e-01
8.577886974695856370e-01
8.736187890926032651e-01
4.468936470451455589e-01
9.405389991736716748e-01
9.999997529084704295e-01
9.980230085624715031e-01
9.914331201338576482e-01
9.750562820566067712e-01
9.671458365885056141e-01
9.554078004245147859e-01
7.934897022907729802e-01
9.233776367572998911e-01
7.968019180589402950e-01
9.118339515112885429e-01
9.063728620885185272e-01
9.117282899009679920e-01
9.304508613632085368e-01
9.170293486418612527e-01
9.456355217700168625e-01
8.784967634236955369e-01
8.681095740519875203e-01
8.348348055309654514e-01
8.596657161676540815e-01
8.728315453273389757e-01
7.723648470040747060e-01
8.548022620353731282e-01
8.785353326204959901e-01
8.932686174161075243e-01
8.566194344779700653e-01
8.841833999295091173e-01
8.584227938003523573e-01
8.366441923873675357e-01
8.589322922703389596e-01
8.723574636899645851e-01
7.001518265482283843e-01
8.289372181661615047e-01
8.547758588809840630e-01
8.409373716366576046e-01
6.668852744420271650e-01
8.289526687836338281e-01
8.553095228604383760e-01
8.769225972606142783e-01
8.495556517586759782e-01
8.196089352198917544e-01
8.454373687422384043e-01
8.665290730361395743e-01
8.386115692774298580e-01
7.132797137583366531e-01
8.181760560857296305e-01
8.431209726490941359e-01
8.642997146444731937e-01
7.790490458897538772e-01
6.564799312946257848e-01
8.159383228621962525e-01
8.393704323954126467e-01
8.596889236058391504e-01
8.659162423828729027e-01
8.460415304488835275e-01
6.822837017442692220e-01
9.079103452452472744e-01
9.965369666071624000e-01
9.999995125215029868e-01
8.861386747260515673e-01
9.689667192529857198e-01
9.211626705323634479e-01
9.814835916635314961e-01
8.550291059035798336e-01
9.568588922522814899e-01
7.752532991122077499e-01
9.438643490176308326e-01
9.271490616960805786e-01
9.398639969178547160e-01
9.465901736015631673e-01
9.413381465579805374e-01
9.602972303503144458e-01
9.196295186741618721e-01
8.984986169591080429e-01
8.523954730367355737e-01
8.992757883531291574e-01
9.009858039575160404e-01
8.616297155225790538e-01
8.904156406424578174e-01
9.048867240133581236e-01
9.091896221485271656e-01
8.884267207217595441e-01
9.094165500622096721e-01
9.074743839757997144e-01
8.745087643415440093e-01
8.876003716902802765e-01
8.906503931313946021e-01
7.617175065989180149e-01
8.626888355426252097e-01
8.815193498381441728e-01
8.084439306056486751e-01
8.002587566550475318e-01
8.585570857622140117e-01
8.806348481661543381e-01
8.974760457297843441e-01
8.679849355468644001e-01
8.488761382754135276e-01
8.704001103007003026e-01
8.866970514086252031e-01
8.566340141908876937e-01
7.350497189007789700e-01
8.432991805275006358e-01
8.655469015782268905e-01
8.837187297295761024e-01
8.315849674152581139e-01
8.245151470034279839e-01
8.366740920749348165e-01
8.584832221371093697e-01
8.769856821524476542e-01
8.784089163705129932e-01
8.476444124753490517e-01
7.115859336807955904e-01
9.999993704961882557e-01
9.090996524215826380e-01
9.715558406401205715e-01
9.999996908274243479e-01
9.999996796190044890e-01
9.999995232832591396e-01
6.661034414332485110e-01
3.739330526457738113e-01
6.966624415785704905e-01
7.098221589339719362e-01
7.171916064195847929e-01
7.698192679417715789e-01
7.327952036298986949e-01
7.772042248695277822e-01
7.451712151600800027e-01
7.834011973533594464e-01
7.232465582601920184e-01
7.738025181032121003e-01
8.113531595793661566e-01
7.395032288563863077e-01
7.824791713532278647e-01
7.269700771106777371e-01
7.534684874774204566e-01
7.907376266960834954e-01
8.213393818689800341e-01
7.636457187596228380e-01
7.965349448646036334e-01
7.876583626707404084e-01
7.548539014037503048e-01
7.917339822169724428e-01
8.218953583446371169e-01
4.232339163789841097e-01
7.667143061233709922e-01
7.992063769194295286e-01
8.006561822170973342e-01
7.300697965106238696e-01
7.763694630219882820e-01
8.054852853708285298e-01
8.304327068411802015e-01
8.518357152311687441e-01
7.774758902345563216e-01
8.064698223332921190e-01
8.312466106431750656e-01
8.517382116100747913e-01
8.673312505964763108e-01
7.862753899137481239e-01
8.125335156075919052e-01
8.353004051122081552e-01
7.777113453009095734e-01
7.095993468790089409e-01
7.944045885945620888e-01
8.183890735319111487e-01
8.394022354269058406e-01
8.577896221469624161e-01
8.736227971092369593e-01
4.433776224229261653e-01
9.999996343991210956e-01
9.223178328108867507e-01
9.716033810072568500e-01
9.999997218797805898e-01
9.999997106281580672e-01
9.999996992185284928e-01
6.958135209594236148e-01
4.087497390622132354e-01
7.128589164401372136e-01
7.093141222885241959e-01
7.332819822090370643e-01
7.862770030637838969e-01
7.491319993047648174e-01
7.944985675167984818e-01
7.617826126383141494e-01
8.008633866853652750e-01
7.234551874940853278e-01
7.739164187085511015e-01
8.113577842537138540e-01
7.402412347511591051e-01
7.832275059950084550e-01
7.269570155933140487e-01
7.535776343507600838e-01
7.908517721827904579e-01
8.214575291626844411e-01
7.643760517133345589e-01
7.972966685706611711e-01
7.877341193991131973e-01
7.549171063925479430e-01
7.917988269948698088e-01
8.219611704407011610e-01
4.261200767498254938e-01
7.667478098798230501e-01
7.992412367462035094e-01
8.006519650496849438e-01
7.309369069684371611e-01
7.764020285263470988e-01
8.055190693435353433e-01
8.304675344810706905e-01
8.510612479567378763e-01
7.774766859802616503e-01
8.064706466630192638e-01
8.312474591736307428e-01
8.516192264726962780e-01
8.668427516550530898e-01
7.862768935131343451e-01
8.125350692960439103e-01
8.353020022064349126e-01
7.777104787200799230e-01
7.095962942153465347e-01
7.944047159824733084e-01
8.183892047604033326e-01
8.394023700192265736e-01
8.577881966228941835e-01
8.736165695376689744e-01
4.480013857884230233e-01
9.999989712454143698e-01
9.221750368566288270e-01
9.716769735720641732e-01
9.999992780013845506e-01
9.999996705495564076e-01
9.999992571161002708e-01
6.954880458854140191e-01
4.070150923054607350e-01
7.126739661933196857e-01
7.101320805920763313e-01
7.331058236794874006e-01
7.861016662521691512e-01
7.489529847259677187e-01
7.943096675319392119e-01
7.616006315217563882e-01
8.006721273211495626e-01
7.237842129339053798e-01
7.740925580314895749e-01
8.113577503661187906e-01
7.402244847517003290e-01
7.832107519823636732e-01
7.272584288579406753e-01
7.537498960368849144e-01
7.910317831797685217e-01
8.216437054356640068e-01
7.643598116828708156e-01
7.972797323687574877e-01
7.880404974864148038e-01
7.549150104953926688e-01
7.917966873398255556e-01
8.219590101506218938e-01
4.245428393773238995e-01
7.667466836955245668e-01
7.992400661131031647e-01
8.006325586592166754e-01
7.340055358881901748e-01
7.764009473054233057e-01
8.055179477485274742e-01
8.304663783279608857e-01
8.510751221061315652e-01
7.774782055160581740e-01
8.064722203243848142e-01
8.312490785622136391e-01
8.514283172321229776e-01
8.660581566788831953e-01
7.862768267207953521e-01
8.125350002821425388e-01
8.353019312680489694e-01
7.777316049797518005e-01
7.096702882130770940e-01
7.944047090187863480e-01
8.183891975869245217e-01
8.394023626620249479e-01
8.577882522683958344e-01
8.736168191985734799e-01
4.463206957975369704e-01
8.535298336870721370e-01
9.721195457910808413e-01
9.909225887655332965e-01
9.856953085545261395e-01
9.612885257196817079e-01
9.440308261676418899e-01
9.999997990194606778e-01
9.375552739939874147e-01
9.944132051134675354e-01
8.866052820233648601e-01
9.867340942360998124e-01
9.627094359107745136e-01
9.811917157420009250e-01
9.718813223865376827e-01
9.785347935240461537e-01
9.797180992327404470e-01
9.773819910516587939e-01
9.498597237172924368e-01
8.952968046649678602e-01
9.626883001058239575e-01
9.494283797951904580e-01
8.172106650186118371e-01
9.525193205831113952e-01
9.502138449796415642e-01
9.356655273485248170e-01
9.463995333410177846e-01
9.519228707226156105e-01
7.668397804827159492e-01
9.437382487942841403e-01
9.403271470345980765e-01
9.247432121323978516e-01
8.469379168073968289e-01
9.303604486079263269e-01
9.344308521316123661e-01
9.008391006493591258e-01
8.696871420009240072e-01
9.221145432342909842e-01
9.314835350727255214e-01
9.342258892951409432e-01
9.051907328731143565e-01
9.149530294461192259e-01
9.238398714451674376e-01
9.262270351270613933e-01
8.965122237655385184e-01
8.063297199424210859e-01
9.049544249151335595e-01
9.172001148337287635e-01
9.244202561053664891e-01
8.263664092291360674e-01
8.164979492665236371e-01
8.938851238518059628e-01
9.080532261662063176e-01
9.182195833486298531e-01
9.115079458796802037e-01
8.736550780873716393e-01
7.763706622637920329e-01
7.721960554612359307e-01
9.059785479067059555e-01
9.411907612211799501e-01
9.468880561420253139e-01
9.287433095338902822e-01
9.139603989702107523e-01
9.629651660449030093e-01
9.999995370785027538e-01
9.782994624049780041e-01
8.026123950835433174e-01
9.833872224276629659e-01
9.983772041608615089e-01
9.847763518421641660e-01
9.973938909394378660e-01
9.848253304186250778e-01
9.966514335228102706e-01
9.841830659626743527e-01
9.965433275279930170e-01
9.855726176904811009e-01
9.833566145992581609e-01
9.931427096436291624e-01
7.900727812280821105e-01
9.806704626095266164e-01
9.901154332544515047e-01
9.877849330221715185e-01
9.777869314151462765e-01
9.877297961408407767e-01
7.856606008521433981e-01
9.786771129352582754e-01
9.873478715493680946e-01
9.843252849525682135e-01
9.617687270221396689e-01
9.732353448065084178e-01
9.820370800818322143e-01
8.870316785247097657e-01
8.301307547970373513e-01
9.682711562066936839e-01
9.780029058789690977e-01
9.809065185654484154e-01
9.710972049042677634e-01
9.657819657958724990e-01
9.751933065394718936e-01
9.777313576754761426e-01
9.675318160513382004e-01
9.375248238126845379e-01
9.590117314076603838e-01
9.694154366063957307e-01
9.740689184798552169e-01
8.284713606099409766e-01
7.891944186166943709e-01
9.515733007372606522e-01
9.622886683859075418e-01
9.685285401679173400e-01
9.661578266771367884e-01
9.504128374798418433e-01
9.152102940688068289e-01
8.204384551057581909e-01
9.495248213224246614e-01
9.773640888635213297e-01
9.769744073798303230e-01
9.545087544006860547e-01
9.370497714698516889e-01
9.946870381372336922e-01
9.711133541403867975e-01
9.999997786931014154e-01
9.058540019854320891e-01
9.992976900333719881e-01
9.811880169340289060e-01
9.970465866216771111e-01
9.858656707546425979e-01
9.949145065230950991e-01
9.892837120692522523e-01
9.971189472924587571e-01
9.759943695418890064e-01
9.279698197975917440e-01
9.903247015188583191e-01
9.754161262365704799e-01
8.338485117742289177e-01
9.836722383851959073e-01
9.751957225125936768e-01
9.535925345843112577e-01
9.783364640694652836e-01
9.754944433159231654e-01
9.167549702846257142e-01
9.793794466009489996e-01
9.699770869590765843e-01
9.474955119366531564e-01
8.897964663335063973e-01
9.697812537470971161e-01
9.657504016011971837e-01
9.181045072932476625e-01
7.635229459367819382e-01
9.622367293570042168e-01
9.628065368924436651e-01
9.560099738862503083e-01
9.277056627737366723e-01
9.580534596035291672e-01
9.582217363380804986e-01
9.510084121922927070e-01
9.222621735794197528e-01
8.559263180956515615e-01
9.488903357654205895e-01
9.526025397512338788e-01
9.505336745202780380e-01
8.431986640902420227e-01
7.130333204586757345e-01
9.384849549916924882e-01
9.448159352532075062e-01
9.465067479321557231e-01
9.347313030110445675e-01
8.996347073297057406e-01
8.269611733077664173e-01
3.282546607133294270e-01
5.604814488917309045e-01
5.013764701268719204e-01
5.723355371397833569e-01
5.408660230496524779e-01
5.585059730547947687e-01
8.288489657375155417e-01
4.529486638112031893e-01
7.264425875446098857e-01
9.999997936843005863e-01
8.318077846404482445e-01
7.406708373364336850e-01
7.912507527053440626e-01
9.288872179070398749e-01
8.448158218843219158e-01
8.403529100404741881e-01
6.441425770561437503e-01
5.306286861106089825e-01
3.898743258670638867e-01
7.219657359909998906e-01
8.541780714505340377e-01
8.706025590818236015e-01
6.994642490335984952e-01
6.829787892997323251e-01
6.563498015963193932e-01
7.296944877377093963e-01
7.899896795643772673e-01
8.029457857494682882e-01
8.115749409482654331e-01
8.029331496360775366e-01
7.833883107523917921e-01
4.968237090879098483e-01
7.769062833082677200e-01
8.387953048616948459e-01
8.688407615066140455e-01
9.279146670677734798e-01
8.145479504317806319e-01
8.299198266252588718e-01
8.399782739821418653e-01
7.652286721812738834e-01
7.511087518486740944e-01
7.627357963849951128e-01
7.692820244330290658e-01
6.890714707881016032e-01
4.330845881991224333e-01
7.804166165828860802e-01
8.157318315125071662e-01
8.481003422344631781e-01
8.406461786579718654e-01
8.904956157709823517e-01
8.128423977616799911e-01
8.326210167311844934e-01
8.491147809862248375e-01
8.377313527474442578e-01
7.717511797817186991e-01
4.939709479169915873e-01
7.999167980012859003e-01
9.335373228106808030e-01
9.659942990114019912e-01
9.690305774140063333e-01
9.485211380138454107e-01
9.321799670120235470e-01
9.865763447821392917e-01
9.750914576389235755e-01
9.980038047955881453e-01
8.454859857039860316e-01
9.999996860744191363e-01
9.846161284435703820e-01
9.991575208503489236e-01
9.879983243814630667e-01
9.977232746600867008e-01
9.911311200689802980e-01
9.993593566523778504e-01
9.810928852279106049e-01
9.361378192679167265e-01
9.951388300258307007e-01
9.808819396813995839e-01
8.323231788785107055e-01
9.900045049002638153e-01
9.807202518336077812e-01
9.581665274777347863e-01
9.854377930921794926e-01
9.808781431242226123e-01
8.063130487798531032e-01
9.868513708661319495e-01
9.766907832353342034e-01
9.532988911258132303e-01
9.000015712419192626e-01
9.788281325335428384e-01
9.730491802321979966e-01
9.197250751155247039e-01
8.788935025423648684e-01
9.720814623395067633e-01
9.705051277682026356e-01
9.613476719261718761e-01
9.332376247783309431e-01
9.687053043953582909e-01
9.667464938975980360e-01
9.571931981947240375e-01
9.286473554443461786e-01
8.680226084104716300e-01
9.603611807881240470e-01
9.617249863822330269e-01
9.571037196986090789e-01
8.560024025926116220e-01
8.331728938336809831e-01
9.507800301725136682e-01
9.547303226623651273e-01
9.538608695158040662e-01
9.406340505905917970e-01
9.065961204893429048e-01
8.402953382380915492e-01
7.619493598589907046e-01
8.984652352786602902e-01
9.369075143846687936e-01
9.448979678280496897e-01
9.283464291602828711e-01
9.144139047159752787e-01
9.602337223509117559e-01
9.983166019799709634e-01
9.792524542634309936e-01
7.993802636812955553e-01
9.870063468086410774e-01
9.999995270182169271e-01
9.901791442135623456e-01
9.998587086644525890e-01
9.913238415074162591e-01
9.995871797518243174e-01
9.891495866480684018e-01
9.995889656112449950e-01
9.864820901909556738e-01
9.911742236278502372e-01
9.981284689172693625e-01
7.988692760621221023e-01
9.903804729632420534e-01
9.963875922418977682e-01
9.903467698055425927e-01
9.886438938975256052e-01
9.948251451228211639e-01
7.999148007985404929e-01
9.894449089094902172e-01
9.947141486685872058e-01
9.880243586871565453e-01
9.638982990375789539e-01
9.859558010623707958e-01
9.912004640498084385e-01
8.936690510484701644e-01
8.383488004399336502e-01
9.822724757921089678e-01
9.881818704703527745e-01
9.868049249067266659e-01
9.739859337494011227e-01
9.804894345951657986e-01
9.860900754726998896e-01
9.844710850712313777e-01
9.711515446405478702e-01
9.405500793058039211e-01
9.751419333643821519e-01
9.815415985345949945e-01
9.820970506135444644e-01
8.411155668422316545e-01
8.020377890143591815e-01
9.688579606635540076e-01
9.759079471602071232e-01
9.781939932222099010e-01
9.723360134833968216e-01
9.543155511469735286e-01
9.192446695583911254e-01
7.853566743896769342e-01
9.212849627581685130e-01
9.568909005902193066e-01
9.622309153954423655e-01
9.433934114565738493e-01
9.279287182947023593e-01
9.790938583105300852e-01
9.795769336446148445e-01
9.943665526223628426e-01
9.153803823921256022e-01
9.990788973627496850e-01
9.878820049936382075e-01
9.999998468051695122e-01
9.905120416938043570e-01
9.995901688289952070e-01
9.929548048505268953e-01
9.999440864886069980e-01
9.859755265490277587e-01
9.457434246046657611e-01
9.983331175724058371e-01
9.862503837487571756e-01
8.424357352479044936e-01
9.953936027797013475e-01
9.862419069049591647e-01
9.637626795127451906e-01
9.919400033075583822e-01
9.863241292552378248e-01
9.249297034312791155e-01
9.933899425066922140e-01
9.834145200883892546e-01
9.601393637724630059e-01
9.119576221409558814e-01
9.873004304939185793e-01
9.805916581151612466e-01
9.319026406927659600e-01
7.794663081070715149e-01
9.817530641796753388e-01
9.784322691074934797e-01
9.673539818716733185e-01
9.399348758252816793e-01
9.792208516090304959e-01
9.755503585673211964e-01
9.640990722029563198e-01
9.362796648227839080e-01
8.820392319490941713e-01
9.720357132977445191e-01
9.712757753041171283e-01
9.643097704301734074e-01
8.525317119543165401e-01
7.256993836137827225e-01
9.636797779882440018e-01
9.652751846373608391e-01
9.618539405816614041e-01
9.473758148751751929e-01
9.149621334653281757e-01
8.558332670373179907e-01
7.685768734036076966e-01
9.046111089219097678e-01
9.419780262512031932e-01
9.490334463352504413e-01
9.317304261302185031e-01
9.175320865986549279e-01
9.647951408945147911e-01
9.984630771568993035e-01
9.827818532775913773e-01
9.315058066044763496e-01
9.897181368831077242e-01
9.998283688914078038e-01
9.922819941228440133e-01
9.999998478763704179e-01
9.930238065539062076e-01
9.999226780432751704e-01
9.915281689096486772e-01
9.997557822788697424e-01
9.856802733952374496e-01
9.929270073841678368e-01
9.988092709296414462e-01
8.766996665577934111e-01
9.926126526709347919e-01
9.974681364794985017e-01
9.901703681157631998e-01
9.911888434669269277e-01
9.961515769981733603e-01
9.451989719257991585e-01
9.919086346981128566e-01
9.960390936580785226e-01
9.880138087561918248e-01
9.629820225831904335e-01
9.889142251851389398e-01
9.929809607181006026e-01
9.538314692229757918e-01
8.140752160447698449e-01
9.854575242478684771e-01
9.901625497198330850e-01
9.876069307348673831e-01
9.735824227636989958e-01
9.839517619660576031e-01
9.883575658054266633e-01
9.854670836523234945e-01
9.710737392451841421e-01
9.399056726247019267e-01
9.789635700143786146e-01
9.841488750856478562e-01
9.834307407392137712e-01
8.816939423506398033e-01
7.681946242004422665e-01
9.728197283653224892e-01
9.787481747488478989e-01
9.798773044476973837e-01
9.729060434823151304e-01
9.539812678468699847e-01
9.184463180289960116e-01
7.749165442505105972e-01
9.121127253697897119e-01
9.497395864908216856e-01
9.567461783828296040e-01
9.391533705497300266e-01
9.244613236828796987e-01
9.727611215983905657e-01
9.811742355820851635e-01
9.906755030818757968e-01
8.256411584567587836e-01
9.973000069131173762e-01
9.892307103160936643e-01
9.995515966356900428e-01
9.916570292763686734e-01
9.999997713250063924e-01
9.936869052876613484e-01
9.990666002813862745e-01
9.882597579382949027e-01
9.515219942273037690e-01
9.998183772102566813e-01
9.888973891826396967e-01
8.312644280557837106e-01
9.980050373874919112e-01
9.892548292357308259e-01
9.671764625057465148e-01
9.954751048353208676e-01
9.893247643559552884e-01
8.208577651289248323e-01
9.967567220730001454e-01
9.872508450464259067e-01
9.644385098147182367e-01
9.196531994865559945e-01
9.921501362317171058e-01
9.850941085930948748e-01
9.201397195276809216e-01
8.759167107897283255e-01
9.875939075646439358e-01
9.833010053394555250e-01
9.711454662144657357e-01
9.442817863102176412e-01
9.855593143132473921e-01
9.809229430543776607e-01
9.684018733111883215e-01
9.411217056452692020e-01
8.908828004287592250e-01
9.793802303106665663e-01
9.772010403725885919e-01
9.687130462232472761e-01
8.668082172681648156e-01
8.383937791635162062e-01
9.720414445653372537e-01
9.721297859324717905e-01
9.670289112062252501e-01
9.517390937996748068e-01
9.204421351135987361e-01
8.659702401756639301e-01
7.592161296519420732e-01
8.968389052459690980e-01
9.362239526283598900e-01
9.449559266888091225e-01
9.289046663903218759e-01
9.152073881159202839e-01
9.599699927666868193e-01
9.963589358994345835e-01
9.801308481625142788e-01
8.001211650413641019e-01
9.887989372739616201e-01
9.995774281500181546e-01
9.924908653618144116e-01
9.999234796521300206e-01
9.940911972678327935e-01
9.999996035662209737e-01
9.912540744578408614e-01
9.995746825309939076e-01
9.841126446151292617e-01
9.941744529109683981e-01
9.989008251879115674e-01
8.043265847016656256e-01
9.939998337072322165e-01
9.978062057045529176e-01
9.892864678661187350e-01
9.926609443335230321e-01
9.966162367453585968e-01
8.064630439514817173e-01
9.934005625507550397e-01
9.964611105915884837e-01
9.872150111002325756e-01
9.609542720242363334e-01
9.905178208467071421e-01
9.936394133491723846e-01
8.980521669220159486e-01
8.442062539457954040e-01
9.871662095522822922e-01
9.909978634219881455e-01
9.874007910365044660e-01
9.722988850284954854e-01
9.857960681486589438e-01
9.892581493219630984e-01
9.853269674428868363e-01
9.698572233806663778e-01
9.376152018269332533e-01
9.809326393690586121e-01
9.851334003354117463e-01
9.835067301446138721e-01
8.477146370998493996e-01
8.097128948909435575e-01
9.748853755574089508e-01
9.800246265286225444e-01
9.802699264038047255e-01
9.723866050012911488e-01
9.525078654958138991e-01
9.160031756858976193e-01
7.887060360015641924e-01
9.241608081271179831e-01
9.589922967764660244e-01
7.543063700568122254e-01
9.446042505722080929e-01
7.893382056689192128e-01
9.809530583482166666e-01
9.785825335172999573e-01
9.953249422041196004e-01
7.752494624616078633e-01
9.994551959625485038e-01
9.871368812631540202e-01
9.999598457854300682e-01
9.900585941228272624e-01
9.993057763815426098e-01
9.925187160464169489e-01
9.999997489896522707e-01
9.850665028990620575e-01
9.437736913227915414e-01
9.980465528352799875e-01
9.850740500383715625e-01
8.834883158525479452e-01
9.943758433194340718e-01
9.851418499999000655e-01
9.626093786103456784e-01
9.906570792034823381e-01
9.851370215351021864e-01
9.514342021113315617e-01
9.921321257111322955e-01
9.819571677619385319e-01
9.584957316582206621e-01
9.090762202732498576e-01
9.856289454618729629e-01
9.790071684125067897e-01
8.745006188969370875e-01
8.370366099388055758e-01
9.797719897924266341e-01
9.767213170789509347e-01
9.659392916678597452e-01
9.382623411436182836e-01
9.770588080012465593e-01
9.737040289441988294e-01
9.626494743514905084e-01
9.346780709037185719e-01
8.791026329430702280e-01
9.696178241246677931e-01
9.692153048194420695e-01
9.626703045334029651e-01
8.977018080695392532e-01
8.689443947912003363e-01
9.609493085747627950e-01
9.629958232970261545e-01
9.600183727984418214e-01
9.457812471019078071e-01
9.129179468737644854e-01
8.521202161329796132e-01
7.525312770053461664e-01
8.899134302066704638e-01
9.299649802216704009e-01
7.304298873128172165e-01
9.241007020994919108e-01
7.587037446760810377e-01
9.538638019465836004e-01
9.967068228617107506e-01
9.750974011959667731e-01
7.484403210730091738e-01
9.845609612526897703e-01
9.996666936433329376e-01
9.889997767595052336e-01
9.998093759258346314e-01
9.910557100262720187e-01
9.996592729704336655e-01
9.873058748191629874e-01
9.999996906815837860e-01
9.893776712073376611e-01
9.912593772992125407e-01
9.994255644069455213e-01
8.376030981835783651e-01
9.918572385519794921e-01
9.983368975358904995e-01
9.927437766145280618e-01
9.910343476162358778e-01
9.970916972537676726e-01
9.142344968420922369e-01
9.914595909269464657e-01
9.972051270047626037e-01
9.908959121348464016e-01
9.688033807655519469e-01
9.893815801285192890e-01
9.945344283620425330e-01
8.559278912137047168e-01
8.037288411309382319e-01
9.865893780730590201e-01
9.919942294359959112e-01
9.901211490296236706e-01
9.775741670581424847e-01
9.854857396040171968e-01
9.905823585687066890e-01
9.883885432215260280e-01
9.754688204665850071e-01
9.473249796039967530e-01
9.810173320480336523e-01
9.866463414622141936e-01
9.863418003572463899e-01
8.745667307362672283e-01
8.315551391945240622e-01
9.756085933928804188e-01
9.817035140017169592e-01
9.829497332480254812e-01
9.765687276274732653e-01
9.591842430971532218e-01
9.267512551964683931e-01
7.134783947781514479e-01
8.497374707383198444e-01
8.930138488385325202e-01
7.114272657739312278e-01
8.948500374080917696e-01
7.332413018726023912e-01
9.175729658521698529e-01
9.843693554243423405e-01
9.436452378813996456e-01
7.333898283843666155e-01
9.575052673679927961e-01
9.894624961455845691e-01
9.655850796952830661e-01
9.900536083530444564e-01
9.704723666669262672e-01
9.900393892870456014e-01
9.615784206341084772e-01
9.912866870094325655e-01
9.999996876813797009e-01
9.703682904725534630e-01
9.924610516010381467e-01
8.041302566999953827e-01
9.748941289552077727e-01
9.926126981656504533e-01
9.993434675128215483e-01
9.772386116784836929e-01
9.922024331763933391e-01
8.816915773373140697e-01
9.757381446371050648e-01
9.928423829018191427e-01
9.989329281366859936e-01
9.937385323198992815e-01
9.778337915530627145e-01
9.919133035445942825e-01
8.411735643385689354e-01
7.793084960618920087e-01
9.783267961146745462e-01
9.908234336785366470e-01
9.965687279079705752e-01
9.945842626920705642e-01
9.781349588715513299e-01
9.903893451716128116e-01
9.958498226075924720e-01
9.935383227598688638e-01
9.816448658460658061e-01
9.769561068560291828e-01
9.883465631857313305e-01
9.939111581464001866e-01
8.528705012744038916e-01
8.014586853714628090e-01
9.752447213714245944e-01
9.855665797096607728e-01
9.912587259483638391e-01
9.912965005682267128e-01
9.841916370739864917e-01
9.682750862460610675e-01
7.692140556236636284e-01
9.069423997447952912e-01
9.454628098118433854e-01
9.534598860868835901e-01
9.365306476184573903e-01
9.223115949461424545e-01
9.690729093205171507e-01
9.816291706406261586e-01
9.881965406694684928e-01
9.148795890104628459e-01
9.958822383143051127e-01
9.896979995361658844e-01
9.987981505101763968e-01
9.920690372392177991e-01
9.998737830074281296e-01
9.939268888393804069e-01
9.981019130958355134e-01
9.892705146886298095e-01
9.547287681038275631e-01
9.998462282898316067e-01
9.903184170580378032e-01
8.516986238110810792e-01
9.990098584503240842e-01
9.907174580464011004e-01
9.691237394074324607e-01
9.972823346631354280e-01
9.909394485341588288e-01
9.307500945178404095e-01
9.981037237421955810e-01
9.890414897576188524e-01
9.666905758131889570e-01
9.237759861535841388e-01
9.948815064476932424e-01
9.873154186188641823e-01
9.355620103804311860e-01
7.838686017471638845e-01
9.910909220061271396e-01
9.856874882153651152e-01
9.731134537127891226e-01
9.466540378043383219e-01
9.895227909244170839e-01
9.836750868214033661e-01
9.707639255147907376e-01
9.439222459686071875e-01
8.959172602992425682e-01
9.841976413795155976e-01
9.803776531139196670e-01
9.712954720445243773e-01
8.606511448825497901e-01
7.370301347644883094e-01
9.776750142753618533e-01
9.755939783364312445e-01
9.696934129132035451e-01
9.540576833014431379e-01
9.234180564709872918e-01
8.713918198829309070e-01
7.504280319470146843e-01
8.881465664732965948e-01
9.287535050257880176e-01
9.386577215324648504e-01
9.236244527780764768e-01
9.093637233587068547e-01
9.527821615740594829e-01
9.958188943191917941e-01
9.746669899110865787e-01
9.303087969318958317e-01
9.846045479114052812e-01
9.994033421412095164e-01
9.893949104042772946e-01
9.997433887039253175e-01
9.916998861998198578e-01
9.997280399325250144e-01
9.876160779731516515e-01
9.999378082229578579e-01
9.899788671897329362e-01
9.919938617332036968e-01
9.999997515958914951e-01
8.825037611344127564e-01
9.935025374397814524e-01
9.997035452690973267e-01
9.938114211476848370e-01
9.938027796044039963e-01
9.990645143862333377e-01
9.491447333176110668e-01
9.936875568314750273e-01
9.992262402598121040e-01
9.926434643920731826e-01
9.716091207868982060e-01
9.931705515080813118e-01
9.976267096657122080e-01
9.599063981569501136e-01
8.212745862593597845e-01
9.915072620426972350e-01
9.958246613375306699e-01
9.927463262076384742e-01
9.797502972403354660e-01
9.907803924659647210e-01
9.947869373249496050e-01
9.913952168031685552e-01
9.780495797352780629e-01
9.512353495805282444e-01
9.876656203217564212e-01
9.918057512462630232e-01
9.900092357670282617e-01
8.901276754278464320e-01
7.769622478673431365e-01
9.833156181077026270e-01
9.879522995358498427e-01
9.875378943414846455e-01
9.799563307322695094e-01
9.624497616440861325e-01
9.318354024662645063e-01
5.931142517922696200e-01
6.192300553023601939e-01
7.435566826191354339e-01
7.004214659616398997e-01
7.505454995150354636e-01
7.019846033116678985e-01
6.142833581275781718e-01
3.898816831339771971e-01
6.854574904889078057e-01
9.228277896019025928e-01
6.725778383353434586e-01
5.375902055991229611e-01
7.045295821763062349e-01
8.885867405924248175e-01
7.058008484258799786e-01
6.302840395268357598e-01
8.017666933821766539e-01
6.759117647538865903e-01
5.176750180087156261e-01
7.488955813226179092e-01
9.346778707595884139e-01
9.999996682760272648e-01
8.190226672198128721e-01
7.489527531228223900e-01
6.630759863316567637e-01
7.865600296929186053e-01
9.019577566097605192e-01
9.803431689642040370e-01
7.195149224641030905e-01
6.418007770654862165e-01
5.490829957025523678e-01
3.894060290757019871e-01
7.592173866997737885e-01
8.775035364812292515e-01
9.689829956855550153e-01
9.857849695079502483e-01
7.473686202035677573e-01
7.069811959407854562e-01
6.583431475941332600e-01
5.696611204113236626e-01
8.283268985707670229e-01
7.923232440678981137e-01
7.477163159409512261e-01
6.626583201819403746e-01
5.019584322652999031e-01
7.921940055899348021e-01
8.698729545126634433e-01
9.482768854239264078e-01
9.573142884261640617e-01
9.841257658766642269e-01
7.722460882840022078e-01
7.541458533628030425e-01
7.310303717837622894e-01
6.836566225004193642e-01
5.910257603698384488e-01
4.217369873250441104e-01
7.547968974047388757e-01
8.936107703621498644e-01
9.346850399004241750e-01
7.282562452184446755e-01
9.296435751741456421e-01
7.564085757188391268e-01
9.589970519789938752e-01
9.814697139722117214e-01
9.812341494401343178e-01
7.668552628029525753e-01
9.913506807775039897e-01
9.899523287132132587e-01
9.962062269415565829e-01
9.922660843984982826e-01
9.984966132646722059e-01
9.939487959186832366e-01
9.944923210200581343e-01
9.905338179131752963e-01
9.614564509905424439e-01
9.990203962324348819e-01
9.923566935218408602e-01
8.655508039432304734e-01
9.999997807963069141e-01
9.932589989609506009e-01
9.732740670718442733e-01
9.994427491693010923e-01
9.937164970287799548e-01
9.373941596349476546e-01
9.998777251342940708e-01
9.923852382362066127e-01
9.717002979915478900e-01
9.332990646339004437e-01
9.982198611039877489e-01
9.915681434105382275e-01
8.806002007922582031e-01
8.375468549489508696e-01
9.956570435010957398e-01
9.905543096912070578e-01
9.774863966056550613e-01
9.522798652081572168e-01
9.946522099125941763e-01
9.892604673871722154e-01
9.758119259364381737e-01
9.503126489336667371e-01
9.072390300517084727e-01
9.905481361518562178e-01
9.867860957862685245e-01
9.765526852843912087e-01
9.029258477763627555e-01
8.677767162088143582e-01
9.852875534407048441e-01
9.831211127518008075e-01
9.756126791702708356e-01
9.593968950853276612e-01
9.304889535363402020e-01
8.840076843013451313e-01
7.356155529795425085e-01
8.742748285058833391e-01
9.171389441782487051e-01
7.179464441569576305e-01
9.163306849969740098e-01
7.425113528116025208e-01
9.420232060209562386e-01
9.905868282546015369e-01
9.669150209014019115e-01
7.485682086256483236e-01
9.794977778477688135e-01
9.968409500514688881e-01
9.863697354347346069e-01
9.979688443566974154e-01
9.903091360901166151e-01
9.984742263791764882e-01
9.834857094090652119e-01
9.983282831060524831e-01
9.902271241297899707e-01
9.906904378234520081e-01
9.996925248184799218e-01
8.327913949410614691e-01
9.938432847739633313e-01
9.999997711991122085e-01
9.940961629620342910e-01
9.949327795954789888e-01
9.998281200634789867e-01
9.087751415539155886e-01
9.943811976676035780e-01
9.998949845123126234e-01
9.933147724328514894e-01
9.731127949889927242e-01
9.949728982376235820e-01
9.990345919229723926e-01
8.613932311864623825e-01
8.083804220414199104e-01
9.941893607380395403e-01
9.978248037019272765e-01
9.940379891929540523e-01
9.808471417038615581e-01
9.937256285924299659e-01
9.970968462388376530e-01
9.930049112870386052e-01
9.794720266201161207e-01
9.536028832381930886e-01
9.914569535934641964e-01
9.948484453361564617e-01
9.921315299150600397e-01
8.791527957020205397e-01
8.351791465630523659e-01
9.881238080922077893e-01
9.916798246542618545e-01
9.901905458646564906e-01
9.818423430530573981e-01
9.642872862832787551e-01
9.348577306987090330e-01
7.091880380460825473e-01
8.462709899782746570e-01
8.906730146190433572e-01
7.068210494663882404e-01
8.945231914945700469e-01
7.270294039458730095e-01
9.156694068882378357e-01
9.822560969486189286e-01
9.431021131304476723e-01
7.355011818890899722e-01
9.582129542595240190e-01
9.894214767632503182e-01
9.673045577195505951e-01
9.907428353956755362e-01
9.731411342855159630e-01
9.912906220304541494e-01
9.627521836809996847e-01
9.916334160682698240e-01
9.993234179385054317e-01
9.728628657161674242e-01
9.938638224470456306e-01
8.052278645311703453e-01
9.783561087769825360e-01
9.947451960442015295e-01
9.999997304819063793e-01
9.815306967848282937e-01
9.949861900975469631e-01
8.819001706932535489e-01
9.795602907591813846e-01
9.953182999490959304e-01
9.999240383699594670e-01
9.936082904171908980e-01
9.827131422019097506e-01
9.954292735638767819e-01
8.458210588753145576e-01
7.847353922753762534e-01
9.840610871360856438e-01
9.948974443881772878e-01
9.989203387474127060e-01
9.953706059408563567e-01
9.841395568428825680e-01
9.947814437173985169e-01
9.984840125309357717e-01
9.946126346407321295e-01
9.817065989377314894e-01
9.840262005580929783e-01
9.935285524141027613e-01
9.972606002945016979e-01
8.574794793464980414e-01
8.067335366602397251e-01
9.830039353060622265e-01
9.915883893549550798e-01
9.954128591490984945e-01
9.936857212904340875e-01
9.851639349305777449e-01
9.684754131199067029e-01
7.440084287813265584e-01
8.834163257278524473e-01
9.260217710167081284e-01
9.376068760452195283e-01
9.238337789329184035e-01
9.117473801048056048e-01
9.507508327025485650e-01
9.843229421664096979e-01
9.750412047586979325e-01
9.185265068643685415e-01
9.868859483749813366e-01
9.924669416674023470e-01
9.931114719341319619e-01
9.944748402442206148e-01
9.964433909261711797e-01
9.957951689878271617e-01
9.905916333780180327e-01
9.937100457262048048e-01
9.729190095440194419e-01
9.969953270765550268e-01
9.957548413890205952e-01
8.641146895343252421e-01
9.994443375038469801e-01
9.967127852736393789e-01
9.814611580893136678e-01
9.999997627821884949e-01
9.971493492457905727e-01
9.357269016846544440e-01
9.998212800169355985e-01
9.963996415400055984e-01
9.804516719368570055e-01
9.490852318819364974e-01
9.993918182375156611e-01
9.955072315131759941e-01
9.473374475717947218e-01
8.005094114751952761e-01
9.983089229087062089e-01
9.951929668351242597e-01
9.845277272729381357e-01
9.631808719612651171e-01
9.976890125225008621e-01
9.942912864081595581e-01
9.833096018542636374e-01
9.616132666623266045e-01
9.253738412097094468e-01
9.948230903504959866e-01
9.923138951930364771e-01
9.828233915258445252e-01
8.731499112275759034e-01
7.544000741052461212e-01
9.908015680211996745e-01
9.892791270731695619e-01
9.827360464034763377e-01
9.684252635672589982e-01
9.432949218907553668e-01
9.038500356033917216e-01
7.406373111149240351e-01
8.792548817870783351e-01
9.216906149275448934e-01
9.332714295965527374e-01
9.196250540347827851e-01
9.026796981295617250e-01
9.462804519878655896e-01
9.917181550894031972e-01
9.704901274647077525e-01
9.276563916438608226e-01
9.823334522834247240e-01
9.975012944177326091e-01
9.885997409204215769e-01
9.985258766851107248e-01
9.913000092677712871e-01
9.989820853634173714e-01
9.860033699365645665e-01
9.987485347829281324e-01
9.882153489006891833e-01
9.916452535302896498e-01
9.998054371315767686e-01
8.814000220831358368e-01
9.955132838719875643e-01
9.998930717052104677e-01
9.939747519120850638e-01
9.972012050792063986e-01
9.999998204830878867e-01
9.493082059719465393e-01
9.962974103628442490e-01
9.999652638603004906e-01
9.934507672989417726e-01
9.737437991029251894e-01
9.976549011661609567e-01
9.996848783187834986e-01
9.611489958178878190e-01
8.218601335688423548e-01
9.974295865923089588e-01
9.988855595316373792e-01
9.946418913937983275e-01
9.813372913346111170e-01
9.971581450430730964e-01
9.983671363311936719e-01
9.938240419715047569e-01
9.801826242659474886e-01
9.549582213879469483e-01
9.938185315375583917e-01
9.966184373647468675e-01
9.932790041272006043e-01
8.902937285994776406e-01
7.780167411027003599e-01
9.927013497165301237e-01
9.940304971174517279e-01
9.917703471790935144e-01
9.828880283938083995e-01
9.652911924525173770e-01
9.364798702624621551e-01
6.830371988619566848e-01
6.264923480032160708e-01
8.452532596771898943e-01
7.220335436172209409e-01
8.261785127068782542e-01
7.441476469795609283e-01
5.071160681587946195e-01
3.476942906413957868e-01
6.779210064384928458e-01
8.682428748930207663e-01
5.732882945946453646e-01
4.596539540708440841e-01
6.833339036063605931e-01
8.495943727033178350e-01
6.149977572626538214e-01
5.388041522557895924e-01
8.987126476283439080e-01
8.104439389367124047e-01
6.910929230608325868e-01
7.560135982776540198e-01
9.255923247708018886e-01
9.810601336126766325e-01
9.064756928076025400e-01
8.476060055978821284e-01
7.726877099572616592e-01
8.060262522042472844e-01
9.262093056244311562e-01
9.999997828626497887e-01
6.319602143505596015e-01
5.539907715422508483e-01
4.417731697217121556e-01
3.165787994210669254e-01
7.527207265321727014e-01
8.703750004536915386e-01
9.647669748704849058e-01
9.682507988453058489e-01
6.701797381670480114e-01
6.199836764111005261e-01
5.462331064168898243e-01
4.671777245335607676e-01
9.045682314529535084e-01
8.675631573469783087e-01
8.213050309603163734e-01
7.490360473201068681e-01
6.318506301394424263e-01
7.980064615445697784e-01
8.829174243227452257e-01
9.675499739253677900e-01
9.800435391899388060e-01
9.851210915580440597e-01
7.064242650441067140e-01
6.610571816321733074e-01
6.288295159109594801e-01
5.799330767028961775e-01
5.015676042350152297e-01
3.772158574613725390e-01
7.499771527340208799e-01
8.890289873586921798e-01
9.308556862160675127e-01
9.416127717860938162e-01
9.271046158643980739e-01
9.145127143292729466e-01
9.553669904836734617e-01
9.811132802197501945e-01
9.785542138351562835e-01
8.066673099535706104e-01
9.894578315888958864e-01
9.898196963835849127e-01
9.949307370261600836e-01
9.921549057223761903e-01
9.976835623780616613e-01
9.938259159503262108e-01
9.928654331643552711e-01
9.907079032556315168e-01
9.636294541686064585e-01
9.982470570898405171e-01
9.928066403560702469e-01
8.260458117812036205e-01
9.998885798916576917e-01
9.938666645877101136e-01
9.747057563617507192e-01
9.998269031048764299e-01
9.944341288685339952e-01
8.312145388534041279e-01
9.999998214556897747e-01
9.932412812264392876e-01
9.733915290058060554e-01
9.367233907144816296e-01
9.990353551932341647e-01
9.927719205911779143e-01
9.155982428240109217e-01
8.680782858873723473e-01
9.969915748530872035e-01
9.919333517850739135e-01
9.789472122063130888e-01
9.543332930132808478e-01
9.961265228026107144e-01
9.908199787210668630e-01
9.774822990359361974e-01
9.525120647818446917e-01
9.112215048494343161e-01
9.926105771925476384e-01
9.886669997387118602e-01
9.783025036207088077e-01
8.735047502846228218e-01
8.400420430124831972e-01
9.879087884277588660e-01
9.854077247135556439e-01
9.775514566288063811e-01
9.613177660766418775e-01
9.329876856600345381e-01
8.885311337635849460e-01
7.305672763318050711e-01
8.693175289868354527e-01
9.130354814634775718e-01
9.259214437174009271e-01
9.134849317335576036e-01
9.024794770517242659e-01
9.377113498838298700e-01
9.888131246894970028e-01
9.637897358942197901e-01
7.815467578797439252e-01
9.771150455343476926e-01
9.957404505294710217e-01
9.845987638229865002e-01
9.970858546079597318e-01
9.889087971142347389e-01
9.977391972772196027e-01
9.812134973313252351e-01
9.974739002606827221e-01
9.908956371033741384e-01
9.892595347019008667e-01
9.992667216123789498e-01
7.991409915475181647e-01
9.930782440554553059e-01
9.998997857676841239e-01
9.947092466253594223e-01
9.947435530723816033e-01
9.999659614930452856e-01
8.172663879713224500e-01
9.938324050471878390e-01
9.999995608054588203e-01
9.941644560100177941e-01
9.751927418663997038e-01
9.951448082760925296e-01
9.995660238860704094e-01
8.912021663649389858e-01
8.343329040710755207e-01
9.949399917320653763e-01
9.986876788086554990e-01
9.950315506640493579e-01
9.823295436195336183e-01
9.946063811077547889e-01
9.980973300386127844e-01
9.941591542510602730e-01
9.811366631309681452e-01
9.564953300816081416e-01
9.928777134817506900e-01
9.962226927957982259e-01
9.934362211902124651e-01
8.530100467805091791e-01
8.106417179701914666e-01
9.902178115045554563e-01
9.935606129890230953e-01
9.918011662639703019e-01
9.835072503029042013e-01
9.664912513394748883e-01
9.383272505305029210e-01
7.049657145303513950e-01
8.420233969764447934e-01
8.870000173484023920e-01
9.021139758011682552e-01
8.918713339491016745e-01
8.829069370550861606e-01
9.117392048657080306e-01
9.797794768748762095e-01
9.401197363518288830e-01
7.616438989504719093e-01
9.558144796986765002e-01
9.877706133401813471e-01
9.654097709493701940e-01
9.894766412895241725e-01
9.715557135670030986e-01
9.902510572519831467e-01
9.605330417970472379e-01
9.902595265962736981e-01
9.989953372882115490e-01
9.712086887125065404e-01
9.929044013914921640e-01
7.785432364784743431e-01
9.772736121504240758e-01
9.941429172276238235e-01
9.999285205218848560e-01
9.808957049487145863e-01
9.946565829367940426e-01
8.075147714406727406e-01
9.786005851055258331e-01
9.948403770109102151e-01
9.999997175967908492e-01
9.945233551111427595e-01
9.823288452551659500e-01
9.953754468892319629e-01
8.700500428404791542e-01
8.059245057167622184e-01
9.841758005785670171e-01
9.952141931261124785e-01
9.993659215514963945e-01
9.961848696673347714e-01
9.843391217306709517e-01
9.951549161480280903e-01
9.990405385153069417e-01
9.955462251000092300e-01
9.834553744733062208e-01
9.847446924580335326e-01
9.942579861546878561e-01
9.980394720840545242e-01
8.356582496126653270e-01
7.864435478509342881e-01
9.842361159871854115e-01
9.927063097340005360e-01
9.965107596646788357e-01
9.948436048466678949e-01
9.866653746706928185e-01
9.707828853236465383e-01
6.754623151653493807e-01
8.101101323991378722e-01
8.564726982597840044e-01
8.734773844652634622e-01
8.658736249478931057e-01
8.588909036093642646e-01
8.808114673051428145e-01
9.600238416985082957e-01
9.114816649997907749e-01
7.457620690553415921e-01
9.294531055207803094e-01
9.708516310836015073e-01
9.412594962287020861e-01
9.736154484614587545e-01
9.494076865662907094e-01
9.753197054856503900e-01
9.344761628448712276e-01
9.738282400474195244e-01
9.937862754895203654e-01
9.478470651682454617e-01
9.780918536302685151e-01
7.634831393113861164e-01
9.564009907967203628e-01
9.807272103781505823e-01
9.948465747723157504e-01
9.621028693954138955e-01
9.824006486951456507e-01
8.021541012815914806e-01
9.581472200185383592e-01
9.819491748967298372e-01
9.954785002877452049e-01
9.999995250472241137e-01
9.644190293414702797e-01
9.840899596116409187e-01
8.524044840003147661e-01
7.828135331979972911e-01
9.686068326584011956e-01
9.852915643218349562e-01
9.955291742061896931e-01
9.996564868749714394e-01
9.691764359129141360e-01
9.856722906321454536e-01
9.957039742587161513e-01
9.995375237434467319e-01
9.967358979868441438e-01
9.719619076390867418e-01
9.862075569880306425e-01
9.952378978143655575e-01
8.223389030988242920e-01
7.678488938532319619e-01
9.738337877283682609e-01
9.865023013415163966e-01
9.946690745144772805e-01
9.982685572054600387e-01
9.968357898353771285e-01
9.899463319127447258e-01
7.365926314904485128e-01
8.761698810215856614e-01
9.197211791371767697e-01
9.322827182985720107e-01
9.194092018268760214e-01
9.080897348175503980e-01
9.446364060034354582e-01
9.820369429347602930e-01
9.701752297223829036e-01
9.147942990116121331e-01
9.831850187348567527e-01
9.909589274041326057e-01
9.903246211620547745e-01
9.931989275450627819e-01
9.944571175302681088e-01
9.946690485442248875e-01
9.872303804894880797e-01
9.925584369393973816e-01
9.738856328450190558e-01
9.948373721684725668e-01
9.951394559101696125e-01
8.660442445956086921e-01
9.983804670859847130e-01
9.965026733811223059e-01
9.819854310581522805e-01
9.995522706113604272e-01
9.972341391242703912e-01
9.333736782210264593e-01
9.990658739666060661e-01
9.964946094741445881e-01
9.812938793615417765e-01
9.515556013448265293e-01
9.999998383089609977e-01
9.966418694673210288e-01
9.455252122036291729e-01
7.985448361044104049e-01
9.994264277450565226e-01
9.962560789075665113e-01
9.854638043903806155e-01
9.645551051148640864e-01
9.990671060542397619e-01
9.956108749398789870e-01
9.845096135609039401e-01
9.632581756910499893e-01
9.286569724335466125e-01
9.968230238332211890e-01
9.941512277727826419e-01
9.851188752108888114e-01
8.756089705482220653e-01
7.526033722947039761e-01
9.938790602034817123e-01
9.917173534431643622e-01
9.845398001920817599e-01
9.699503952809013230e-01
9.453271773343578932e-01
9.077028121495006596e-01
7.227523823121502211e-01
8.618387371890733339e-01
9.067325236744443462e-01
9.208383647289304363e-01
9.081651580202212415e-01
8.993916461692639253e-01
9.318226746828986995e-01
9.850682567953935598e-01
9.578561543577747139e-01
9.224021129986761380e-01
9.740039463305807388e-01
9.932164622919337216e-01
9.826361377771094530e-01
9.949668611545143815e-01
9.879198015818658751e-01
9.959057237335154911e-01
9.784716845710190736e-01
9.953573800839632391e-01
9.926744406365106688e-01
9.880113261342081676e-01
9.979112226429304178e-01
8.811386893812497290e-01
9.930560981904315021e-01
9.991361623584585905e-01
9.960669160333395222e-01
9.957004936938373962e-01
9.997364671111440559e-01
9.509975334803355551e-01
9.941504494931191482e-01
9.995925786944103164e-01
9.958728291415767098e-01
9.800520663363687657e-01
9.952956848702867454e-01
9.999998132687798469e-01
9.642952475765751430e-01
8.273765279023567176e-01
9.975108048444433217e-01
9.997366468657910010e-01
9.969061590704924036e-01
9.858493554690607175e-01
9.975128155930603757e-01
9.994855798987509754e-01
9.963677023559224244e-01
9.849820625436608301e-01
9.632976204192094105e-01
9.968745845987710963e-01
9.983717071469599968e-01
9.959327403485711550e-01
8.928971459295914626e-01
7.815175517057384447e-01
9.951270105291648571e-01
9.966369756068844676e-01
9.947112599974982095e-01
9.870401242679178733e-01
9.715591020077904982e-01
9.464762141537550466e-01
4.667115340976393800e-01
6.030762071858767337e-01
6.106428676248133458e-01
6.577864079518535023e-01
6.123328651088179031e-01
6.539427062611165020e-01
7.505928778504397103e-01
6.299012317799552729e-01
7.000213884602703995e-01
8.871271905346558295e-01
7.947233585937557576e-01
6.969392606552912151e-01
7.413404110084610421e-01
9.204172541161150800e-01
8.159501763428885779e-01
7.453593008189890456e-01
6.878809194306425567e-01
5.783889163362180286e-01
4.409652036209376069e-01
7.367602731911604419e-01
9.145803126511724557e-01
9.743032044226620503e-01
7.223524723906773470e-01
6.431182795481995562e-01
5.485934301376261812e-01
7.564105173559370066e-01
8.867357336818291191e-01
9.728324722619262621e-01
8.221598002006849093e-01
7.487280707640209254e-01
6.593232853465960108e-01
5.371305559496262205e-01
7.691123861286424113e-01
8.997815475878947478e-01
9.999997792509746075e-01
9.973119356257972301e-01
8.354964875722191708e-01
7.849722573122223102e-01
7.248915971325474716e-01
6.423207405946345094e-01
7.512879437581552189e-01
6.958405052845972882e-01
6.311894679215317439e-01
5.445142611983714298e-01
4.212577088612347587e-01
7.842013387155638560e-01
8.813107681444385388e-01
9.789125119437229738e-01
9.904564019358451654e-01
9.961681568965872202e-01
8.445732884652563666e-01
8.111662001213943984e-01
7.715751544802420536e-01
7.162600357883281976e-01
6.345954790202681384e-01
5.136473824225112894e-01
4.772378334527500598e-01
6.037413872714264551e-01
6.229007619779999283e-01
6.598321563345682650e-01
6.270293124525215811e-01
6.570880015181945755e-01
7.315720482939356284e-01
5.760419252890446318e-01
6.993069213346451152e-01
9.044724863623008204e-01
7.757986128508265189e-01
6.634593630381508955e-01
7.392610437247131294e-01
9.244470456934404945e-01
7.979256793924078828e-01
7.240063063737206539e-01
7.000174584118715737e-01
5.791358486579855080e-01
4.288956591656258310e-01
7.374600434591154219e-01
9.215955882027058177e-01
9.843758866220216897e-01
7.336427795560818144e-01
6.530803908287978743e-01
5.569814052108507108e-01
7.583926292107874279e-01
8.875526675882993155e-01
9.671744860044179104e-01
8.038803945944064111e-01
7.271272661400054460e-01
6.343787652786682107e-01
4.985477131615161928e-01
7.684491866536407034e-01
8.978355032628326793e-01
9.970960072193265633e-01
9.999994512259660073e-01
8.184004696863177442e-01
7.703447604631806778e-01
7.130170362289484087e-01
6.273773872923288364e-01
7.615392269602088149e-01
7.099093999596466364e-01
6.492314530515712612e-01
5.608452017399909728e-01
4.238671840321650564e-01
7.848180392774144476e-01
8.770751728272113690e-01
9.695488089023892586e-01
9.810890659957792748e-01
9.943544062130698080e-01
8.288241265873379504e-01
8.004730250526047586e-01
7.662809288485705750e-01
7.131913198419244093e-01
6.268146089639772267e-01
4.885487931183794541e-01
7.262395204079067357e-01
8.657034131700613866e-01
9.105472055157294298e-01
9.244734058971543211e-01
9.128947205151662914e-01
9.025584550298538788e-01
9.357167690424236239e-01
9.758472182874003975e-01
9.629814652737339609e-01
7.895169545532189082e-01
9.774994802523604420e-01
9.864160768869670859e-01
9.859166595000277145e-01
9.892004167325262332e-01
9.910326956103089335e-01
9.911321783484462467e-01
9.819152820434192686e-01
9.884423690778382232e-01
9.711787361471438951e-01
9.912137203967608112e-01
9.919937264215302752e-01
8.176838837696709383e-01
9.960310110964574193e-01
9.941386732724910580e-01
9.794666969202716622e-01
9.984802042581173431e-01
9.954871225808422652e-01
8.367932720621068521e-01
9.970834608759669981e-01
9.945487671835904209e-01
9.792603872598456549e-01
9.503261804991318673e-01
9.994383865652690657e-01
9.956102862432424372e-01
9.070428650011934657e-01
8.560568522567248984e-01
9.999997871452702691e-01
9.960207567612716639e-01
9.841589858675544589e-01
9.627243465313268800e-01
9.999606188479508440e-01
9.956954240237497755e-01
9.835022869509776333e-01
9.617552078967266382e-01
9.280266508830936623e-01
9.991057197555189839e-01
9.951535835403919616e-01
9.846327212778194227e-01
8.751169942249857892e-01
8.374051150883119465e-01
9.971386035231576406e-01
9.937472860632722282e-01
9.849062148661935634e-01
9.690454894200796199e-01
9.439997353407281189e-01
9.073724099247023611e-01
7.146154613034582104e-01
8.534473659732909612e-01
8.991769903708203282e-01
9.141552136272537155e-01
9.037189207268880864e-01
8.942472331899622429e-01
9.242568007200492319e-01
9.808546568410982935e-01
9.528456146953822037e-01
7.731191678952732405e-01
9.685401503353414654e-01
9.904310942482704716e-01
9.780377330463845276e-01
9.927089341769730346e-01
9.840067272715182778e-01
9.940762806145566621e-01
9.732288353861791030e-01
9.928353748172623616e-01
9.901590981858225948e-01
9.838573129710066478e-01
9.961544374810914482e-01
7.969488932401981307e-01
9.898372897384847269e-01
9.980189165204633728e-01
9.943504934452863653e-01
9.932641569555252792e-01
9.990418858239149547e-01
8.230720203429632287e-01
9.911508206212530370e-01
9.987107468147645717e-01
9.944133785367920142e-01
9.783466446633057867e-01
9.947214848471275239e-01
9.997505630029588364e-01
8.875124862176659857e-01
8.295355790497643822e-01
9.963098503897853675e-01
9.999997980134298636e-01
9.963160222126560273e-01
9.844727140807129073e-01
9.965097935672986296e-01
9.999584991588255090e-01
9.959811973945884578e-01
9.838231015082227193e-01
9.619663506172493328e-01
9.966738705698120482e-01
9.994276394978367506e-01
9.960525989121997714e-01
8.560350022038657469e-01
8.119768964726349347e-01
9.958260997076653354e-01
9.981796919206755714e-01
9.954409855604110513e-01
9.866365492389791436e-01
9.704617056779758499e-01
9.453247913970882488e-01
6.971206575222517188e-01
8.343658869995981275e-01
8.804695609929389377e-01
8.967823684222419045e-01
8.876789052378568634e-01
8.796350786740141370e-01
9.055756558464100880e-01
9.746454910857716980e-01
9.352165646026080470e-01
7.586549312284799340e-01
9.522656411755424655e-01
9.848280222023751973e-01
9.630355563338788283e-01
9.872293590442740019e-01
9.701641554591250438e-01
9.886452242975359850e-01
9.572896996497767264e-01
9.875562531514794351e-01
9.969441227534572292e-01
9.694352077908650056e-01
9.912929460793987735e-01
7.796060555696340266e-01
9.767432640334573479e-01
9.934247827665406705e-01
9.990147879442781154e-01
9.814109204892149663e-01
9.946835241614414569e-01
8.126597411744999055e-01
9.783705744777370095e-01
9.944381604251353313e-01
9.993970741776975197e-01
9.941786593267608607e-01
9.833907496917455582e-01
9.959883518925930490e-01
8.697238990188899121e-01
8.057643104429810244e-01
9.863156833733990325e-01
9.966316345824343115e-01
9.999997105414184517e-01
9.963335044033200250e-01
9.867431443931640178e-01
9.968492815071815505e-01
9.999630931555394397e-01
9.959797198826554343e-01
9.840697449774178374e-01
9.882784987941308774e-01
9.968608365944123806e-01
9.996562214686494086e-01
8.394756211261160672e-01
7.900387829698547471e-01
9.888399609808594670e-01
9.962813464798035978e-01
9.989214141585317508e-01
9.962753858413539998e-01
9.876095046926246512e-01
9.719692083447175612e-01
6.738358402079589471e-01
8.088447831982695790e-01
8.557827777692429416e-01
8.733389645035677384e-01
8.662111277140200905e-01
8.595942490570127603e-01
8.803135276364665307e-01
9.590083838580282238e-01
9.115810379855402434e-01
7.456237657097595228e-01
9.301812062507934797e-01
9.709743210040574501e-01
9.425162587073778742e-01
9.741338109000220458e-01
9.510740229207838015e-01
9.762062624108196474e-01
9.353397582742959404e-01
9.740557859319814993e-01
9.933191518515596119e-01
9.492987816239156773e-01
9.788492017553410696e-01
7.655033973666800495e-01
9.584286980074786522e-01
9.819962609144945453e-01
9.952374970824140465e-01
9.646410597534423870e-01
9.840402046104386180e-01
8.056000394672331311e-01
9.602647113374677135e-01
9.832925649999516571e-01
9.959714074727168409e-01
9.997008448606351516e-01
9.671745151206930791e-01
9.859359800215167224e-01
8.537528008289836379e-01
7.847850689132263025e-01
9.717098457900074093e-01
9.875174565447834008e-01
9.968230331016724177e-01
9.999993755915282945e-01
9.724477154549794333e-01
9.880380011149937358e-01
9.971017554085972456e-01
9.999774654094150117e-01
9.963622888797457611e-01
9.757244558260826928e-01
9.891211899633441940e-01
9.971102009305404801e-01
8.256939037721107155e-01
7.716430381242859182e-01
9.779784969004429174e-01
9.896837893952772358e-01
9.968488129707896439e-01
9.994334240081274023e-01
9.970810359044158799e-01
9.893866411330983768e-01
7.236086411806620378e-01
8.630454373545936031e-01
9.082476300506980849e-01
7.090745043281847515e-01
9.112113646015101986e-01
7.304672620300796115e-01
9.334245522202068157e-01
9.750153282237887797e-01
9.610994282442497649e-01
7.577882967748971188e-01
9.759517053670371256e-01
9.857945386306806723e-01
9.846893738914939131e-01
9.886823930043271424e-01
9.900455965589617380e-01
9.906287230962274037e-01
9.804694840282698332e-01
9.879743414977152360e-01
9.717625965536197397e-01
9.901531969816737000e-01
9.916500155643490633e-01
8.440341193947783482e-01
9.952728007033057045e-01
9.939564953767372479e-01
9.798388164760856167e-01
9.979974283895226561e-01
9.953770447378886832e-01
9.173100167526290205e-01
9.964346214924758582e-01
9.944109221427960277e-01
9.796549032700744286e-01
9.516701771330200454e-01
9.991256963782639833e-01
9.956948660494523429e-01
8.788075019615252392e-01
8.302527057408992661e-01
9.999665675731895798e-01
9.962073214437732194e-01
9.845233228314983487e-01
9.635719372481371670e-01
9.999997541165752679e-01
9.960043108509950560e-01
9.840478311315173920e-01
9.627511997436802860e-01
9.298528936250944898e-01
9.994409060291554736e-01
9.955828976581502232e-01
9.852383374239236380e-01
8.985119899982869640e-01
8.583277141159610935e-01
9.977716234752960212e-01
9.943688297527507602e-01
9.855123438136028646e-01
9.697624493269676460e-01
9.451059923276392549e-01
9.095337496990725246e-01
7.117203222025386689e-01
8.504775630281524723e-01
8.962816830228085285e-01
7.039245617347967832e-01
9.015299603999924472e-01
7.231511738631165587e-01
9.215447910021260514e-01
9.793608700461851058e-01
9.503847995381782265e-01
7.451509136372294062e-01
9.664740341508353261e-01
9.893498918290821731e-01
9.763201206755962591e-01
9.918053124303958246e-01
9.826940334951830280e-01
9.932877020858222883e-01
9.713280703074700373e-01
9.918783632295853359e-01
9.903231577836796307e-01
9.823745840842884602e-01
9.954301134754909297e-01
8.202957059212006019e-01
9.887237955697100178e-01
9.974671674228616780e-01
9.944172476334853794e-01
9.924089008811071144e-01
9.986453561706566395e-01
8.952610785151471351e-01
9.901145691317445596e-01
9.982488671383299428e-01
9.945619727176236990e-01
9.793210898330515501e-01
9.940266772298035347e-01
9.995303380501872059e-01
8.620760038862825825e-01
8.062776755840680432e-01
9.959776667805427808e-01
9.999654814736480546e-01
9.965682923034289153e-01
9.851939147117425577e-01
9.962762383059063920e-01
9.999997598469501092e-01
9.963229577296980333e-01
9.846270974308232171e-01
9.635495067605605035e-01
9.967861358740444100e-01
9.996921968775223100e-01
9.964593237693915029e-01
8.770715028460197571e-01
8.308085826608072599e-01
9.962277648247087614e-01
9.986921508370197875e-01
9.960123075384522684e-01
9.874028140819000043e-01
9.716153912553272542e-01
9.471411661447123320e-01
6.941488270308969755e-01
8.312769707714059431e-01
8.777126630457587897e-01
6.978492164639900075e-01
8.855687300457135702e-01
7.143425686954925080e-01
9.027444617416180428e-01
9.727625272973754456e-01
9.328260334089840677e-01
7.351233501798969394e-01
9.502304764587656827e-01
9.834100355085865219e-01
9.613218087989779947e-01
9.860089438934367401e-01
9.687830979779510354e-01
9.875880556984175662e-01
9.551576443942756400e-01
9.861580889160831420e-01
9.964174136600910670e-01
9.677789577700720569e-01
9.902288035202442273e-01
7.993966160618415362e-01
9.755124776638142148e-01
9.926131879036803607e-01
9.986704347779629121e-01
9.804798816946517226e-01
9.940610045357600733e-01
8.743350642873234380e-01
9.771708681246255024e-01
9.937001647834464713e-01
9.991322058587926991e-01
9.945727426741060029e-01
9.825925446859060663e-01
9.954922454922386921e-01
8.478875963087653123e-01
7.857952311803415579e-01
9.858030910739522534e-01
9.963402513552036543e-01
9.999673798670999370e-01
9.966699075429296117e-01
9.863022091687573267e-01
9.966482418003304034e-01
9.999996769260351970e-01
9.964055398697834187e-01
9.850838060891212722e-01
9.881666382659324288e-01
9.968967655083225132e-01
9.998360947534696841e-01
8.575553073264091664e-01
8.061793285056924052e-01
9.890480847010544307e-01
9.965736743106627937e-01
9.992529262348619490e-01
9.967706209222609859e-01
9.884142110896254607e-01
9.733898458872173309e-01
6.715562227564281228e-01
8.064957431115803432e-01
8.535835066350424549e-01
6.909323031466291232e-01
8.644611129683335005e-01
7.039438775528157333e-01
8.781424554047619901e-01
9.572789704163563451e-01
9.095974907269757104e-01
7.274712400441626370e-01
9.284655802951565784e-01
9.696655505007022446e-01
9.409953358735800855e-01
9.729243997370108366e-01
9.496995675764619005e-01
9.751417265165237547e-01
9.336718455496789693e-01
9.727888978567337253e-01
9.925332691428913057e-01
9.478913452010936380e-01
9.777295000284147442e-01
7.812678442788497657e-01
9.572785561946258737e-01
9.810929456263575155e-01
9.946709464993289673e-01
9.636560924800503525e-01
9.832933468615424610e-01
8.545941296904352447e-01
9.590646846380366242e-01
9.824033792075267391e-01
9.954489132873283186e-01
9.995736182296560690e-01
9.662682457601042829e-01
9.852494597237437812e-01
8.363835272084104711e-01
7.689181025449816076e-01
9.710257351997712005e-01
9.870069531266322249e-01
9.965230616869569236e-01
9.999785822353168818e-01
9.717728294375185261e-01
9.875859395750831160e-01
9.968727356342349522e-01
9.999996584646265729e-01
9.967954512039673975e-01
9.753009750581599357e-01
9.888411510953207806e-01
9.969843152287927168e-01
8.403416202227356191e-01
7.847809351010885948e-01
9.777901060681661871e-01
9.896099902342631038e-01
9.968854823298537449e-01
9.995963188872909466e-01
9.974916445191490677e-01
9.901698298999802583e-01
6.490582789465452196e-01
7.813506630048274726e-01
8.287603574299527986e-01
6.847096250054508504e-01
8.424187122634406721e-01
6.947608117104309144e-01
8.528428189804201365e-01
9.376587293504309306e-01
8.853382934704475682e-01
7.222700441345040190e-01
9.054934446536736514e-01
9.522511159652430335e-01
9.193425194553968005e-01
9.564577106077740698e-01
9.293021885079181255e-01
9.595359126970005592e-01
9.108891860507402072e-01
9.556305391901823709e-01
9.821807228588712579e-01
9.265405310806890116e-01
9.616753230979994127e-01
7.670983310896761775e-01
9.374727986265168900e-01
9.661234500911393130e-01
9.852909889018907075e-01
9.451758952429270000e-01
9.692810069087391955e-01
8.385563563437099521e-01
9.393608517711443673e-01
9.676345012965960057e-01
9.862567805653719155e-01
9.967924338498620473e-01
9.481735655508193306e-01
9.716506148224769435e-01
8.278339163805973344e-01
7.562978353111161622e-01
9.544062904633301425e-01
9.744579513342939148e-01
9.884481773517737047e-01
9.970011055341683193e-01
9.554981472987259528e-01
9.752702232021300821e-01
9.890877386939049831e-01
9.972967971227896244e-01
9.999987590388013103e-01
9.603935176161004783e-01
9.776393853981385496e-01
9.897899969729495595e-01
8.263023258543563676e-01
7.676032031410057188e-01
9.644959514307627213e-01
9.796394289114427334e-01
9.904576657663096695e-01
9.972091026584699591e-01
9.998047879533989990e-01
9.981457302126344189e-01
7.137948700625710297e-01
8.533698627268768711e-01
8.994006247139915144e-01
9.147318298246609469e-01
9.045680480443871740e-01
8.952330768743358425e-01
9.246511630586876640e-01
9.743453705362890016e-01
9.536452249288953631e-01
9.093722902359850924e-01
9.697362229877465323e-01
9.855853056748131724e-01
9.795593757243259425e-01
9.885673225032901579e-01
9.857708725164736618e-01
9.905503465302520905e-01
9.745263553992630223e-01
9.880964212208558362e-01
9.794947899580067618e-01
9.855703673255594710e-01
9.922208017003676384e-01
8.698725505837263672e-01
9.918653708438440741e-01
9.947898851140918319e-01
9.858237911587252045e-01
9.956110983289934158e-01
9.964338148425466724e-01
9.357054356153432506e-01
9.932814305074623151e-01
9.955861525256786138e-01
9.859766111293922775e-01
9.643361405480579407e-01
9.972093348077123443e-01
9.973421889424817222e-01
9.493526115334027793e-01
8.065273673807850097e-01
9.991753695002006941e-01
9.982148730228724842e-01
9.898604134578203873e-01
9.730853659112064236e-01
9.994644425706122881e-01
9.982661284435773164e-01
9.896259140894388961e-01
9.725279807317901426e-01
9.454581603941798473e-01
9.999998445239508538e-01
9.967786892856659309e-01
9.906165481375910353e-01
8.821186288477144144e-01
7.623357842331219825e-01
9.994559757305591097e-01
9.977337519944821098e-01
9.908958709313953062e-01
9.777847724602427570e-01
9.570120494221626695e-01
9.270544704350958121e-01
7.105497058775868124e-01
8.493006046762194838e-01
8.953431649160841221e-01
9.108138607973057521e-01
9.008759604163527612e-01
8.877845392195838903e-01
9.205170591850787565e-01
9.785499009595862718e-01
9.496343103194559987e-01
9.139931504878515689e-01
9.658859146132254825e-01
9.887756619682309678e-01
9.758740802890758514e-01
9.912995279432397222e-01
9.823066957649752018e-01
9.928587710433532942e-01
9.706931253190762554e-01
9.913169826665056972e-01
9.898215972954482744e-01
9.804683391991787511e-01
9.950043836226212246e-01
8.828011172322407507e-01
9.876542770922607239e-01
9.971660928172030314e-01
9.940361704904678852e-01
9.920996862816995332e-01
9.984332207934687453e-01
9.504336411835009324e-01
9.892322762357111943e-01
9.979836105613922870e-01
9.942181589168497258e-01
9.790485134899615804e-01
9.940632769768079635e-01
9.993796617070139776e-01
9.644103653602890125e-01
8.286961479651180351e-01
9.967106735269459783e-01
9.999195552857910174e-01
9.963693191740750077e-01
9.859267991902721517e-01
9.971509395259632313e-01
9.999879075518353089e-01
9.961566610931593679e-01
9.855606163903136707e-01
9.659808333250525791e-01
9.984427059329865628e-01
9.999998721547983527e-01
9.969531545218152102e-01
8.980351294690801511e-01
7.877076732831825856e-01
9.986654347719374769e-01
9.996682274902418675e-01
9.969049756971752885e-01
9.884592205879513260e-01
9.733572133465718812e-01
9.505096480274376480e-01
6.993684127047243848e-01
8.367753482074603566e-01
8.829234616516570266e-01
8.988842438014250646e-01
8.896893205325802079e-01
8.771318994039110084e-01
9.078779183897508487e-01
9.760525801269895885e-01
9.374527658475988456e-01
9.151899383128484500e-01
9.542667378382949650e-01
9.858799430389579843e-01
9.648203081439316042e-01
9.881944371437154651e-01
9.717849450882911633e-01
9.895406124367395195e-01
9.591416209475338572e-01
9.885604886647134659e-01
9.970161803371579978e-01
9.679819366550883597e-01
9.921659661605841674e-01
8.882175834022110195e-01
9.763750886856272793e-01
9.942290274666322203e-01
9.990938223237844085e-01
9.819038514526654549e-01
9.953832367548504090e-01
9.543497392411477431e-01
9.781567995643375424e-01
9.951760343692416244e-01
9.994240815156189006e-01
9.933225641838338005e-01
9.845559385397165686e-01
9.957988675256944644e-01
9.686514914891202199e-01
8.392159254689661729e-01
9.880626835681526332e-01
9.971768362848721923e-01
9.999729595556412498e-01
9.965686512302976974e-01
9.887026324730244786e-01
9.975989365436968015e-01
9.998888334389303134e-01
9.964146013912138500e-01
9.856160779383977832e-01
9.911806514378599386e-01
9.983961888687149511e-01
9.999997534004639865e-01
9.056933455530286059e-01
8.015825347645239018e-01
9.926234454411718700e-01
9.986477042319590325e-01
9.997937027701645496e-01
9.971951833827201739e-01
9.889630827634198207e-01
9.744427186259734253e-01
5.486300215418922210e-01
6.099929186308803430e-01
7.029963877356555368e-01
6.775453509398916552e-01
7.178837841175770285e-01
6.766314326481761565e-01
6.506446064574680221e-01
5.544959667366493594e-01
6.931889024780315545e-01
8.534362101814695345e-01
7.023626494519223940e-01
6.147424832915121540e-01
7.226659002221329509e-01
8.884705839740231204e-01
7.313104675904551488e-01
6.608107889438389337e-01
7.755492182647426569e-01
6.913975625419991333e-01
5.796351729274715758e-01
7.429912150003518123e-01
9.089556915814558380e-01
9.577406326933244340e-01
8.019609620795083993e-01
7.334430190187322118e-01
6.494546517613173364e-01
7.731340279631979673e-01
8.983622549540891677e-01
9.849835898127993206e-01
7.410089135835392637e-01
6.680911616416886911e-01
5.802638929422474501e-01
4.698463674949671653e-01
7.635583001892992661e-01
8.914098917522695897e-01
9.909489982328397728e-01
9.814642932962182043e-01
7.638160246499938744e-01
7.077362762171000021e-01
6.423073440786382093e-01
5.606333532971562450e-01
8.213166561245944797e-01
7.678602066664008685e-01
7.047821825636482185e-01
6.251415838585936413e-01
5.207000936201056085e-01
7.890996084357047025e-01
8.893774707095045695e-01
9.901683034741646239e-01
9.999996715442305284e-01
9.962054035557977860e-01
7.832848749344002437e-01
7.412382469484569691e-01
6.928882601582284639e-01
6.325769737396821357e-01
5.538637353287365617e-01
4.493440261290212456e-01
5.452034052063630121e-01
6.102607989388862952e-01
6.977565669536758275e-01
6.785460074233105043e-01
7.122496306062169324e-01
6.829466173582789956e-01
6.363167498746541417e-01
5.040635948263048061e-01
6.928550869074213692e-01
8.762348078995159106e-01
6.895161819185201546e-01
5.842714579649189721e-01
7.220514303716301097e-01
8.993098942306451127e-01
7.197860004981786464e-01
6.427383538891578985e-01
7.688116907290297730e-01
6.671258440620745356e-01
5.362652372214947727e-01
7.431851121715564723e-01
9.200024360246921162e-01
9.781351968032817590e-01
7.946657750102422701e-01
7.197703595385412934e-01
6.290033673272354964e-01
7.733878328529385504e-01
9.037134385218076327e-01
9.896836788536974572e-01
7.302040120154458247e-01
6.507553215834438465e-01
5.565729044339053910e-01
4.312057584358140461e-01
7.636332312437568159e-01
8.935857120051021729e-01
9.954415622809511532e-01
9.928049596749161099e-01
7.546004780678224888e-01
6.990749200243702166e-01
6.343053943311940390e-01
5.480020693972795787e-01
8.135036441042803323e-01
7.603821128751813152e-01
6.977198680332716840e-01
6.134000227940847871e-01
4.935844342804382445e-01
7.889484594044420263e-01
8.864686385228135457e-01
9.844741878109778410e-01
9.956218548297177673e-01
9.999995050388119644e-01
7.757966517753787095e-01
7.381279208612413489e-01
6.944202656437958865e-01
6.356536967940998872e-01
5.515810532412321887e-01
4.307221814842220886e-01
7.041394409840406876e-01
8.429666958823187617e-01
8.899006166453476974e-01
9.063137150798445951e-01
8.972885360929941934e-01
8.890275996915277812e-01
9.150826743150458631e-01
9.670609617876393393e-01
9.454235938443936726e-01
7.747584668353293402e-01
9.627381695569363629e-01
9.797597070289678634e-01
9.736618509211942829e-01
9.833833254947502711e-01
9.809016899239773046e-01
9.858110475005333884e-01
9.677635350543283277e-01
9.825645763658580334e-01
9.747442124653740159e-01
9.801558411247727198e-01
9.875192846745022290e-01
8.076434116000412722e-01
9.876625287407653220e-01
9.908018542841257048e-01
9.816630256157189427e-01
9.923672799291288760e-01
9.930505370088462680e-01
8.382137910991698249e-01
9.892921015370255144e-01
9.918042342559635349e-01
9.821439266880305219e-01
9.607609672644347176e-01
9.944721974904152662e-01
9.943550178305592402e-01
8.960648127737125268e-01
8.414630434352473598e-01
9.974049098415155301e-01
9.959721747476165676e-01
9.868514665622372117e-01
9.694976443976206504e-01
9.978953707185818089e-01
9.962351752484319700e-01
9.867658271893720023e-01
9.691684711389543239e-01
9.423278266573965611e-01
9.994831206491752162e-01
9.971022626064075522e-01
9.882045451535762526e-01
8.721245926388474512e-01
8.305317364137516645e-01
9.999995101068981374e-01
9.973419723496735889e-01
9.892572260157014297e-01
9.751171007490684328e-01
9.538352037878381484e-01
9.242296942617188593e-01
6.960459777261113201e-01
8.341877248586245797e-01
8.814215855806983857e-01
8.984361188205569615e-01
8.901423787287893186e-01
8.825537239736330752e-01
9.067268950658919913e-01
9.698992220998410296e-01
9.374925729434968602e-01
7.632945718200377927e-01
9.556061233465719118e-01
9.822510259492968077e-01
9.670607475421281185e-01
9.855590452347503527e-01
9.749779976886814303e-01
9.877748427306086709e-01
9.606175226498990805e-01
9.851537078295257155e-01
9.882077705209760810e-01
9.738101990744281178e-01
9.899988559083247042e-01
7.915992712810424603e-01
9.820280742193753243e-01
9.931626249914352611e-01
9.927398500400406167e-01
9.873526575790381177e-01
9.952544388388400165e-01
8.261852640690139360e-01
9.837948115119312664e-01
9.943578943933868430e-01
9.933034662665869430e-01
9.816435822329592220e-01
9.896853828853247048e-01
9.968817076261754506e-01
8.803965855063591306e-01
8.203857476643351410e-01
9.933368329038784195e-01
9.983942634206430800e-01
9.961823674759600067e-01
9.866842337478787250e-01
9.939302119074556741e-01
9.987887777696754510e-01
9.963076267489139326e-01
9.864988753088040907e-01
9.686592702819947220e-01
9.962027245735092240e-01
9.996820588841760502e-01
9.970646177338408078e-01
8.554008760107211229e-01
8.091682742500448944e-01
9.974498712184018956e-01
9.999996777649532431e-01
9.974543912347288988e-01
9.893961165733492491e-01
9.752766914628272499e-01
9.539836272499162551e-01
6.834603801001245538e-01
8.201882923935336356e-01
8.676602010680096733e-01
8.853357491337513485e-01
8.779768312009398334e-01
8.712019376898547662e-01
8.926403048579135691e-01
9.650400436531537673e-01
9.241267515385382936e-01
7.527718653707605734e-01
9.429176632150351178e-01
9.776898679078832588e-01
9.552038052507303423e-01
9.811058149430571529e-01
9.637655543898623334e-01
9.834027516569616711e-01
9.481120417433440695e-01
9.807442665828252082e-01
9.930324902940498299e-01
9.621616105445927047e-01
9.858607848401744755e-01
7.774583381569029061e-01
9.712268132921070274e-01
9.892131192832347431e-01
9.963107676863561801e-01
9.773303422674066709e-01
9.914649170298610592e-01
8.162362519107748682e-01
9.731156995077838712e-01
9.905964602914661965e-01
9.970633006689415545e-01
9.940153428002115321e-01
9.799119554289079659e-01
9.933989661645945546e-01
8.657410343783187301e-01
8.008691557552664042e-01
9.843965012802702308e-01
9.951757986040562498e-01
9.990443622004141488e-01
9.963523124816261456e-01
9.851155917782095095e-01
9.956724737156356086e-01
9.993139421847583304e-01
9.962960713497497345e-01
9.863230672699444535e-01
9.882528201586060490e-01
9.969057288743526923e-01
9.998094627352872577e-01
8.403118648356966425e-01
7.898408735936077729e-01
9.903660345090340433e-01
9.976002984033019994e-01
9.999997105768948513e-01
9.974572765239260175e-01
9.895699366937812380e-01
9.757577941999929783e-01
6.664252083544738303e-01
8.012004448395372291e-01
8.488629423770270854e-01
8.673264009963943533e-01
8.611583022590475478e-01
8.553691432686626461e-01
8.733323247973868719e-01
9.530278229972950488e-01
9.056721473233954045e-01
7.429424020094599346e-01
9.253235888186106539e-01
9.667327513592830490e-01
9.385788591781136780e-01
9.706568355917947200e-01
9.479477416019941316e-01
9.733728411498175914e-01
9.306064440368756463e-01
9.700290948138414748e-01
9.901866609310859824e-01
9.456875267685950215e-01
9.757279936433842504e-01
7.653710989343138760e-01
9.558157012977629430e-01
9.796870298388700160e-01
9.932698862093174430e-01
9.629520661833962381e-01
9.824332803513765588e-01
8.086943377488792217e-01
9.578387360474593937e-01
9.811903218066558852e-01
9.942004457562089170e-01
9.984978122207227580e-01
9.658095960584056616e-01
9.846653269621690185e-01
8.522606978713108683e-01
7.831329916154866622e-01
9.712823645164214703e-01
9.870049916973487880e-01
9.962190295143479313e-01
9.994734305739997327e-01
9.721906985634826137e-01
9.876902933444717814e-01
9.966569334782188205e-01
9.996314498721022845e-01
9.964688488280432077e-01
9.764381443119561910e-01
9.895775843961971407e-01
9.972903781450476179e-01
8.272627870051324495e-01
7.729148323871195547e-01
9.796371100047392977e-01
9.910205679838278714e-01
9.977337523835805300e-01
9.999994665539239103e-01
9.976196847087512865e-01
9.902989204664275347e-01
6.478111189851886165e-01
7.800724003689925024e-01
8.277393229007503628e-01
8.470373084885427506e-01
8.420809971049890708e-01
8.375025802652715790e-01
8.519797282176627684e-01
9.364895810291049560e-01
8.847504207880030336e-01
7.346784151633017901e-01
9.052974523282802943e-01
9.516712312086369474e-01
9.195087562906888445e-01
9.564540648183340599e-01
9.297555739944076691e-01
9.597880550812305511e-01
9.106243575938349766e-01
9.551734438640433478e-01
9.814609987279301340e-01
9.268177082435230529e-01
9.617777210662756815e-01
7.557875629799508665e-01
9.380148686018313642e-01
9.664456713358947626e-01
9.851853758568174246e-01
9.461768020069601937e-01
9.698987705227753997e-01
8.034080419417816143e-01
9.401500392371996417e-01
9.681357324256263386e-01
9.863149728672067074e-01
9.964905756646524893e-01
9.492815122291378138e-01
9.724301946298633537e-01
8.407395225956342255e-01
7.681488077625630018e-01
9.557922765843235302e-01
9.755568503604988839e-01
9.890509206246059781e-01
9.971352064257044123e-01
9.568835721524107107e-01
9.763604413732280829e-01
9.896511549094108018e-01
9.974497227471031957e-01
9.997967206047830846e-01
9.622557910911395673e-01
9.790637165558803146e-01
9.907158349594542557e-01
8.166318517849703307e-01
7.591248071199308001e-01
9.667330507005271745e-01
9.813864654193523718e-01
9.916570279535004140e-01
9.978890748528688182e-01
9.999989566217758474e-01
9.979295714025189223e-01
6.303254442612558073e-01
7.602638975091985385e-01
8.078865754618419492e-01
8.277018593323345330e-01
8.238518638640340841e-01
8.201811046180510489e-01
8.314695562123108896e-01
9.191843900563962944e-01
8.648302680043574719e-01
7.284190673339967503e-01
8.859968298209957016e-01
9.359444469886271101e-01
9.009860469243673453e-01
9.412322664111145709e-01
9.121070443012146978e-01
9.452142562556222760e-01
8.913264317165519035e-01
9.393673759874632267e-01
9.700194461015855252e-01
9.083605088071879941e-01
9.467163790840307236e-01
7.487245183537969417e-01
9.204371986540231809e-01
9.521443407295383521e-01
9.746524916457401932e-01
9.294328205540708376e-01
9.562857242008957481e-01
7.995867394602143019e-01
9.226433489332488413e-01
9.538720934497969539e-01
9.758270150392786002e-01
9.903217986079959623e-01
9.326951270286286677e-01
9.590055658293306085e-01
8.318266670901485194e-01
7.566296277542557958e-01
9.402506510031145570e-01
9.628419375704035943e-01
9.796000700511091619e-01
9.912802806452539750e-01
9.413572148742829215e-01
9.637767257221891981e-01
9.803106867540402058e-01
9.917150074573652940e-01
9.981324190920879413e-01
9.477299945368702350e-01
9.672593756186119718e-01
9.819013952472205320e-01
8.083470482667864943e-01
7.484262862073777223e-01
9.531077037656860984e-01
9.704020591366119275e-01
9.834442380706197584e-01
9.927004853451474320e-01
9.982005992368091496e-01
9.999983622234168701e-01
