9.999988524154470593e-01
9.093472386610906844e-01
9.712941435942106239e-01
9.999991999332052961e-01
9.999991893155687483e-01
9.999991778961145883e-01
6.666489530051707968e-01
3.748579462824375153e-01
6.969479716710403894e-01
7.093141440264586484e-01
7.175564088783616956e-01
7.701339362684123113e-01
7.330951895752237935e-01
7.775223223348253221e-01
7.454762848660385632e-01
7.837218485911269239e-01
7.220749136430218984e-01
7.731762702887616800e-01
8.113553139672783354e-01
7.395035112951219292e-01
7.824795998487110715e-01
7.263569017902528069e-01
7.528567134434273056e-01
7.900967292732710145e-01
8.206746492963098438e-01
7.636461890849778333e-01
7.965353810626661923e-01
7.871087454179972465e-01
7.548539170695484080e-01
7.917339808253683886e-01
8.218954076551512333e-01
4.232183858209072058e-01
7.667143054664256052e-01
7.992063764469080622e-01
8.006762484848609640e-01
7.167266744460125683e-01
7.763694803086992335e-01
8.054853040047698087e-01
8.304326960621299936e-01
8.518352788476362125e-01
7.774738731686324789e-01
8.064677040990180235e-01
8.312444500178421958e-01
8.524264276117236028e-01
8.701480994988306517e-01
7.862753899252471479e-01
8.125335156194749553e-01
8.353004675060630158e-01
7.776849709904671837e-01
7.095057095717614004e-01
7.944046638249523395e-01
8.183891533735572210e-01
8.394022354268481090e-01
8.577896440629478869e-01
8.736227629405977080e-01
4.433623239085859313e-01
9.329974865339456525e-01
9.999974842933381236e-01
9.980149914218587881e-01
9.914241387343739609e-01
9.733794538490062598e-01
9.643563202323722772e-01
9.553565114917349499e-01
7.932468388911605439e-01
9.233179965104666431e-01
8.065489684926241409e-01
9.117795804229293921e-01
9.063040526920437268e-01
9.116813227365462291e-01
9.304386371720037019e-01
9.169885958884471666e-01
9.456399906668965238e-01
8.784286980522439947e-01
8.680263627053126374e-01
8.347366239150266765e-01
8.596031926940777002e-01
8.728341796068248559e-01
7.761402496130926920e-01
8.547474642050605365e-01
8.784847905939686674e-01
8.932231186032970616e-01
8.566614698376724402e-01
8.842089695679804517e-01
8.645076496741548322e-01
8.365876456182409493e-01
8.588798402123345443e-01
8.723102060283892678e-01
7.000154649219936243e-01
8.289795792542797859e-01
8.547312608723519611e-01
8.469069143691283497e-01
6.740253935694655585e-01
8.289109375054755091e-01
8.552703932113585594e-01
8.768865187285472818e-01
8.495201771304792260e-01
8.195690407389207843e-01
8.454001283702750058e-01
8.664950095262261565e-01
8.385743949293921196e-01
7.130990218359289923e-01
8.182051118131690171e-01
8.431452532210848005e-01
8.643188336226155233e-01
7.818910748508021147e-01
6.550743217734660284e-01
8.159124888319201352e-01
8.393454908638086076e-01
8.596649707526013984e-01
8.659149978841158557e-01
8.460214719104289793e-01
6.821060956967813782e-01
9.082331210530565357e-01
8.251410345046853445e-01
9.999998182588688556e-01
9.283388445266691491e-01
9.690704108372329983e-01
9.353256131745988355e-01
6.038036142044079790e-01
4.293027909251006524e-01
7.589511781094782084e-01
7.997079998201993556e-01
6.724510677755577426e-01
6.361481676065203761e-01
7.318038660267395246e-01
7.861337877173733002e-01
7.064287421867039285e-01
7.136381475092046234e-01
9.186187322261154531e-01
8.977175819892636577e-01
8.518920099899978116e-01
8.285189412896658556e-01
8.867126861909040425e-01
8.324380645012940949e-01
8.894770099857319812e-01
9.042063227746087728e-01
9.087990943144997891e-01
8.635708539302499043e-01
9.041739579231575785e-01
8.968434034086737450e-01
7.311140542648215668e-01
7.375049525629042702e-01
7.351538871030255384e-01
6.005751291262921843e-01
7.894456609824341831e-01
8.263227787917371003e-01
8.312705456841016360e-01
7.594253998272118000e-01
7.600894540991822712e-01
7.786470380967733806e-01
7.925074016623392392e-01
7.603511738333598169e-01
8.480258264712071670e-01
8.696908788888130237e-01
8.861441831422174342e-01
8.561073598108379645e-01
7.342625706830938626e-01
8.178269924207320907e-01
8.462990685815752201e-01
8.712048980889702809e-01
8.166576993249187177e-01
7.582115873686027241e-01
7.860719536199534119e-01
8.064353491286244680e-01
8.236854724207820500e-01
8.240761409091217349e-01
7.925459581193694536e-01
6.550448259906287429e-01
9.388015330779413414e-01
9.392501040993354033e-01
9.687397758534924685e-01
9.790411353032879571e-01
9.694288212505084434e-01
9.645692922973905237e-01
8.140125047884284593e-01
6.101147149603574071e-01
8.138800029335963027e-01
7.613228783648600118e-01
8.182186283371650770e-01
8.404271755917120945e-01
8.253670177156292587e-01
8.556441589610370713e-01
8.338724137848994022e-01
8.663356812984768229e-01
8.047559986351927597e-01
8.238153476387972685e-01
8.247303321747144755e-01
8.038496884720098823e-01
8.306977909717080388e-01
7.526742080184588568e-01
8.075097638088427621e-01
8.370520836637680429e-01
8.586436006932964826e-01
8.135160666714295052e-01
8.431137591611932436e-01
8.277609345120350293e-01
7.997831548289551229e-01
8.284356669817553032e-01
8.491755336201152193e-01
5.904550726064998756e-01
8.012946403042932042e-01
8.297945964950168563e-01
8.258531159648179187e-01
6.981745884858496787e-01
8.057261084989610911e-01
8.330864904617947264e-01
8.559438854150720477e-01
8.526416196587238705e-01
8.013295117834277059e-01
8.283531019685913543e-01
8.508544866748000146e-01
8.471562221469760567e-01
7.932166840423749976e-01
8.046697095714205883e-01
8.300459466428640187e-01
8.517654915007945027e-01
7.810257750727334081e-01
6.823540459388675039e-01
8.071985250309472448e-01
8.307850629071152904e-01
8.513120672563412317e-01
8.631079026902904738e-01
8.597766466675119679e-01
5.887625631946916682e-01
9.999979895433455113e-01
9.091421375703800933e-01
9.712953119952357772e-01
9.999986017126921700e-01
9.999986143111303516e-01
9.999986026453722143e-01
6.661990126367270948e-01
3.744747947156231715e-01
6.967146389543765750e-01
7.093164226014344598e-01
7.173142377406105386e-01
7.698719678639576181e-01
7.328477997273303846e-01
7.772599669216632146e-01
7.452247166345702389e-01
7.834573737263842430e-01
7.220787655739017152e-01
7.731783343376058548e-01
8.113553177042976960e-01
7.395054582666646947e-01
7.824816869346875592e-01
7.263588642141677321e-01
7.528587217888523808e-01
7.900988366728199930e-01
8.206768379556196313e-01
7.636482259305388265e-01
7.965375056357109074e-01
7.871108448509864797e-01
7.548538650469712730e-01
7.917339259718680911e-01
8.218953504117214592e-01
4.233617348849619266e-01
7.667142793265846468e-01
7.992063492025859306e-01
8.006762211937198392e-01
7.169688514560585979e-01
7.763694535528248286e-01
8.054852762454451920e-01
8.304326674430082544e-01
8.518329799980808303e-01
7.774738737367757890e-01
8.064677046883123035e-01
8.312444506252039123e-01
8.524241571667922068e-01
8.701388269790062413e-01
7.862753902093050362e-01
8.125335159130193663e-01
8.353004678078328471e-01
7.776849980663507189e-01
7.095058076114071355e-01
7.944046638184262266e-01
8.183891533668340434e-01
8.394022354199524028e-01
8.577896437426042464e-01
8.736227616571021759e-01
4.435172803210514769e-01
9.749507577534668457e-01
8.942232277592291334e-01
9.550450701108305074e-01
9.833305377898687860e-01
9.832703947783123510e-01
9.833305159659586625e-01
6.667832875731517506e-01
3.939926665432188502e-01
6.969862320468094286e-01
7.093136590003363828e-01
7.176610667997274096e-01
7.702468030048033043e-01
7.331359882135404238e-01
7.775656363814231753e-01
7.455850139463698900e-01
7.838361116648507876e-01
7.220086928841806806e-01
7.731059052421229705e-01
8.112820432698816253e-01
7.395029535586128411e-01
7.824790528948085688e-01
7.263564341633607091e-01
7.527882384348748568e-01
7.900248225948907077e-01
8.205999134406518625e-01
7.636456120771162315e-01
7.965348241333763957e-01
7.871082394775034130e-01
7.549220054495423549e-01
7.918053511695443136e-01
8.219694505359799175e-01
4.447248344034578915e-01
7.667143064523999074e-01
7.992064225548959344e-01
8.006763398407915622e-01
7.166869226733678655e-01
7.764395083228898820e-01
8.055579128151739710e-01
8.305075068647456149e-01
8.519126151798062097e-01
7.774037464565064504e-01
8.063949167044788258e-01
8.311693795189162293e-01
8.523500418627302233e-01
8.700720543145463726e-01
7.862753898419908571e-01
8.125335613652409084e-01
8.353005616496117502e-01
7.776851015708148296e-01
7.095058661635629260e-01
7.944763174900908442e-01
8.184629242307985830e-01
8.394778530909556835e-01
8.578668697900928564e-01
8.737013648673425115e-01
4.658908841001284662e-01
4.293580866366156212e-01
7.149704063868138615e-01
5.788709824152243888e-01
7.028768197360174552e-01
6.077527608545250093e-01
6.612103912582277809e-01
9.999989269736719866e-01
9.375138498525851238e-01
8.465301680992437516e-01
8.865443056769987118e-01
9.866218609613562895e-01
9.626881912819615916e-01
9.033834037161003749e-01
9.718618813614747776e-01
9.784183430388448954e-01
9.796687478350932787e-01
6.709657914906237419e-01
6.218447070638644103e-01
5.511751188790454670e-01
8.057383092496414045e-01
8.663824842715982522e-01
8.170696412287427046e-01
7.128654223127406375e-01
6.987839185928683694e-01
6.745748795877107851e-01
7.843157879850245484e-01
8.251423244594520146e-01
8.223408727104510874e-01
9.435027404677382989e-01
9.401540219849151558e-01
9.246402759745295796e-01
8.467258647487249101e-01
8.489277367666760998e-01
8.919746483630554001e-01
9.006989141053063364e-01
8.188846555831421625e-01
9.218725241057665887e-01
9.313013445043727412e-01
9.342230087404400640e-01
9.050840454062709650e-01
7.499063278589610526e-01
7.526976914572730548e-01
7.498746528438575698e-01
7.157295217480349470e-01
6.218511356948548396e-01
8.214443880853969926e-01
8.524782248725216727e-01
8.800665431559652196e-01
8.262302813407650381e-01
7.663008355482121559e-01
8.936377524831293773e-01
9.078492723869748815e-01
9.180624932755417911e-01
9.113874275712472439e-01
8.736315249919387460e-01
7.761489718501836110e-01
3.910681194985662357e-01
6.748911780051713993e-01
5.299770933371985571e-01
6.927964450386592254e-01
5.617810495929995707e-01
6.598830190944827701e-01
9.629036171247864484e-01
9.999987782967251215e-01
8.012002019590609425e-01
8.411955434965994183e-01
9.832836881465716328e-01
9.983268878060357343e-01
8.605047674414272318e-01
9.314964924377738820e-01
9.847381465220520491e-01
9.965821731046032861e-01
6.172169614784317471e-01
6.036678286716996578e-01
5.734208731341029486e-01
7.953490477359660416e-01
8.605337571033194743e-01
8.164157425959606140e-01
6.617570461379000957e-01
6.555002470130464332e-01
6.403695117125475234e-01
7.836136336917640666e-01
8.302296849107844157e-01
8.331189083401679962e-01
9.784817710171553884e-01
9.872162740253122015e-01
9.842648386238745939e-01
9.617538885513065017e-01
8.431787594099164895e-01
8.918213148173602667e-01
9.063953142077586511e-01
8.258260924151855642e-01
9.680419031179494649e-01
9.778444968565420670e-01
9.808079440102096536e-01
9.710562491401226737e-01
7.022198089783169284e-01
7.018734753849954489e-01
6.960878695674779237e-01
6.787712982665372596e-01
6.427907311690834735e-01
8.258721429351872922e-01
8.622012678034172151e-01
8.953536731192816012e-01
8.440649994119304722e-01
7.834412424810306419e-01
9.513097877343673625e-01
9.620799001155477814e-01
9.683698555514862472e-01
9.660640053585429765e-01
9.503647063302812503e-01
9.150768852680990495e-01
3.806505665493210566e-01
6.587276049338102180e-01
5.889272515136710906e-01
6.391942569570361332e-01
6.108885947786341086e-01
6.123299410943949805e-01
9.412441928320373075e-01
8.298277214755123143e-01
8.605889524795798939e-01
8.997925094398164791e-01
9.214077620102376631e-01
9.192163046214734123e-01
9.102344304551275300e-01
9.507166480446118673e-01
9.272189417052810745e-01
9.462324016547279948e-01
7.637345328573059700e-01
7.478038797686415995e-01
7.112940528127278395e-01
8.186214847975884501e-01
8.514221762065655730e-01
7.766409112339636156e-01
8.014381796080483067e-01
8.122932547435925965e-01
8.138280518150613485e-01
8.145749073627976955e-01
8.349877553783358053e-01
8.106098885581852764e-01
8.728237647351979600e-01
8.866198083466206858e-01
8.904492834711147387e-01
7.502948767937339669e-01
8.539841737148556877e-01
8.754556182982057289e-01
8.623196760341400591e-01
7.967558910309633369e-01
8.664168520896666781e-01
8.841950341438040706e-01
8.964098266854818586e-01
8.733654054276807077e-01
8.329580559600080480e-01
8.492884285656241428e-01
8.601955183756064827e-01
8.359357536144728096e-01
7.436874012479697260e-01
8.440876287558619628e-01
8.623508265761250513e-01
8.763099304791449606e-01
8.108283900986290593e-01
7.432902909767754585e-01
8.545321353837757039e-01
8.720239594299405983e-01
8.858928374057091215e-01
8.879684159600562676e-01
8.691457289444846079e-01
7.320760011069877837e-01
4.663380197208290556e-01
6.756295651546742054e-01
6.418146427986897162e-01
6.945616006111304808e-01
6.656539570115928006e-01
6.734305547460488484e-01
8.641677292382341502e-01
6.274651956419194931e-01
8.175036807459263866e-01
9.761460591294770506e-01
8.780353631340410692e-01
8.208887180612791656e-01
8.652608267545816023e-01
9.575095495798862100e-01
8.885700554688542585e-01
8.877606606509245157e-01
7.579408869943057292e-01
6.896193351806455540e-01
5.956886124542593031e-01
8.137050886281362860e-01
9.010587195542250072e-01
8.736227161409109154e-01
7.957532024241020796e-01
7.883421824771027486e-01
7.702691061569582054e-01
8.160652886645198834e-01
8.572560717644327477e-01
8.530832794999774205e-01
8.688435195978142511e-01
8.644229266348709695e-01
8.486980664335221913e-01
6.520208457687168835e-01
8.492490709735482923e-01
8.913030735347138300e-01
8.990177262612870646e-01
8.878796446394042752e-01
8.689998668151902583e-01
8.811362263083160062e-01
8.873398511924680543e-01
8.334351214033752786e-01
8.274544690321048446e-01
8.378339083595154335e-01
8.424668717986749655e-01
7.871075292342969432e-01
6.123876127057361618e-01
8.459936182841076846e-01
8.714717156566480494e-01
8.930380085101988774e-01
8.541472678816802722e-01
8.462592808606593797e-01
8.640069625574884338e-01
8.796885824162087308e-01
8.916041681385090678e-01
8.821073573150497449e-01
8.319117413689319784e-01
6.366738336864330439e-01
4.100616207205526331e-01
6.971782373201357297e-01
5.519911439301581346e-01
7.091424488636148826e-01
5.821110155023997423e-01
6.723026135788683355e-01
9.865961864565593320e-01
9.750007480556138750e-01
8.240414972421501449e-01
8.693152150422482904e-01
9.999993382150383914e-01
9.845556511731160532e-01
8.819633906473421936e-01
9.569404405364894117e-01
9.977135708814172110e-01
9.910864702312032204e-01
6.388841981989870078e-01
5.950319760934623670e-01
5.309499716446846040e-01
8.105302920543460132e-01
8.792992224568678683e-01
8.363434407146670413e-01
6.817114430689903415e-01
6.571494866940048585e-01
6.220437407735099899e-01
7.947929250179084359e-01
8.431490997118367137e-01
8.471291790460077076e-01
9.868236698644355931e-01
9.766335388976044030e-01
9.532102847389817279e-01
8.998288324672572003e-01
8.562335690466298388e-01
9.066922340168084293e-01
9.225587747310589615e-01
8.425341883253327779e-01
9.720490547445772567e-01
9.704545883611152002e-01
9.612841741425702802e-01
9.331296742382036991e-01
7.201039610351192000e-01
7.088631480444794741e-01
6.913756640917624319e-01
6.560269850586624152e-01
5.896688894767473377e-01
8.346291601847790620e-01
8.717310528204785802e-01
9.056442605119270350e-01
8.547929184495947075e-01
7.955295068265888503e-01
9.507312905677103299e-01
9.546804058384126268e-01
9.538021505409993717e-01
9.405642505841305123e-01
9.064931897848168552e-01
8.401023363823778567e-01
4.476109755641007881e-01
7.078689011353798133e-01
5.896456980555141447e-01
7.353209088812158178e-01
6.143170426492294833e-01
7.048813083059051188e-01
9.600429847215176116e-01
9.983205974782768388e-01
8.245201963148687252e-01
8.521660362323517646e-01
9.869421034118458502e-01
9.999991729493368231e-01
8.752516600504096633e-01
9.383795428778277659e-01
9.913052165118185766e-01
9.995793198411540015e-01
6.686361499141533216e-01
6.564629451464411014e-01
6.264482179622814506e-01
8.270360550646905784e-01
8.852490021372106943e-01
8.311771834844883244e-01
7.053220865318347021e-01
6.972816709463296458e-01
6.796769518197730564e-01
8.191688209291992928e-01
8.617470388005928905e-01
8.587600301615733178e-01
9.894178564428157685e-01
9.947399410966621947e-01
9.879780453852184952e-01
9.638328656843609954e-01
8.658006498869624812e-01
9.098140564472606551e-01
9.188230433728674651e-01
8.301774060974216329e-01
9.821706056684931241e-01
9.881007001259038969e-01
9.868430899953040125e-01
9.739349141000399612e-01
7.368347145575637747e-01
7.333715222800497591e-01
7.240104698212798118e-01
7.040911281334832905e-01
6.679988855493800282e-01
8.519888465999103655e-01
8.856994901945295373e-01
9.159218373739893559e-01
8.586480101829796485e-01
7.903435456833604045e-01
9.687145321628006789e-01
9.757901963918736987e-01
9.781038992966688550e-01
9.722655438726868216e-01
9.542455665406366361e-01
9.191403997698524009e-01
3.834939973729702412e-01
6.685564969177182348e-01
5.776316452613807773e-01
6.559697275214777523e-01
6.100893334146930691e-01
6.247802286404401384e-01
9.590702106879508415e-01
8.850663942901511039e-01
8.557673556613114574e-01
9.077598599046945438e-01
9.470171803075413397e-01
9.383944635518653987e-01
9.170722394649116760e-01
9.689184165857118725e-01
9.489882667667192129e-01
9.611160935591360754e-01
7.344362698663591260e-01
7.080916862531616562e-01
6.608685385368797682e-01
8.201242946903036790e-01
8.640315510078423467e-01
7.985747741712538872e-01
7.831212608708708611e-01
7.850028338021293184e-01
7.771017709469197898e-01
8.111724208498369837e-01
8.341208303813043567e-01
8.124035838796818121e-01
9.065201047644284582e-01
9.138782780606351519e-01
9.103540251472356237e-01
8.114981955720251827e-01
8.679977576728822308e-01
8.927541733214503505e-01
8.823460943003809120e-01
8.123315486123094953e-01
8.960367259010144636e-01
9.094772094748660995e-01
9.168577683707223036e-01
8.910230131970070522e-01
8.266724555773048433e-01
8.373132580224564858e-01
8.422296777229618669e-01
8.141924289457886932e-01
7.230978137669306083e-01
8.533575624949667482e-01
8.707587490024708554e-01
8.837490266905012604e-01
8.212261478884295141e-01
7.643247748817623144e-01
8.796861646438142168e-01
8.939883263122878621e-01
9.043706592516096432e-01
9.014185178164731971e-01
8.746770950678423029e-01
7.706510672087175662e-01
4.606924671578812580e-01
7.171513021051431069e-01
6.337525413410652897e-01
7.259648585498069684e-01
6.626626430465270001e-01
6.925572634578194275e-01
9.630163252480985481e-01
8.934726956335138359e-01
8.644307774877745265e-01
9.405415632002196435e-01
9.690850717688528349e-01
9.423334124314950433e-01
9.204599807305167136e-01
9.958904369394424583e-01
9.694344759470887585e-01
9.667967348229155045e-01
7.481134628982786250e-01
7.029131779652474377e-01
6.346317596115382820e-01
8.476818725522597964e-01
9.167183329631672928e-01
8.693228385317525175e-01
7.915022611497921634e-01
7.778554568946484116e-01
7.531178202396648924e-01
8.370889195291569829e-01
8.748492098686438956e-01
8.661835728591708028e-01
9.484812724569369191e-01
9.419135583318223315e-01
9.228727142870575273e-01
8.381206591299472652e-01
8.905818874594745305e-01
9.300370112396606492e-01
9.334644060070396154e-01
8.638502882659064852e-01
9.366108198717284505e-01
9.417761440693543928e-01
9.400568451530888492e-01
9.066360212644374306e-01
8.292560021932249281e-01
8.301844105407528707e-01
8.247717229860542787e-01
7.880999135252995114e-01
6.925494892031986982e-01
8.739018306997575758e-01
8.986085675162808206e-01
9.191841273382121980e-01
8.635285869067372833e-01
8.168438272317388726e-01
9.185597051084222198e-01
9.283589716975895190e-01
9.338015015524252505e-01
9.231513544688102479e-01
8.834403536635475618e-01
7.838203177362345064e-01
5.549755376633598303e-01
7.787519501849782255e-01
7.079671810330314674e-01
8.101332111218020327e-01
7.211613404564641838e-01
7.778607663506550418e-01
9.727874858663518864e-01
9.810750360233206901e-01
8.837066980670831295e-01
8.814532415837371682e-01
9.972838588019717898e-01
9.891586945661318131e-01
9.210415916377190371e-01
9.631505882209772107e-01
9.999998309646214167e-01
9.936365060106975289e-01
7.774713946904221462e-01
7.509742306853360860e-01
7.025124868326415584e-01
8.863566647714409275e-01
9.240717980360091399e-01
8.449876776808696865e-01
8.018870716992794190e-01
7.834172723111852976e-01
7.533516691685326894e-01
8.783266158019895631e-01
9.063561170995692029e-01
8.859469476170293012e-01
9.967458212277771068e-01
9.871884373122027378e-01
9.643208919114591993e-01
9.194571590651354764e-01
9.100828400381646421e-01
9.388189449104193951e-01
9.306958196597456823e-01
8.226322964369858770e-01
9.875729980231324756e-01
9.832485627515852311e-01
9.710596618961169213e-01
9.441480846854153341e-01
8.190943922590413484e-01
8.082289726964273502e-01
7.903761855336063347e-01
7.585420170696974829e-01
7.045084260148467559e-01
8.952391251199476319e-01
9.181615295763629891e-01
9.367180912319316155e-01
8.641793334278833338e-01
7.788990705935083803e-01
9.720583987956589178e-01
9.720796369963424777e-01
9.669589605233420704e-01
9.516402838492984406e-01
9.202962074396516812e-01
8.657471211000997702e-01
4.221717723672367972e-01
6.923791599745170444e-01
5.609209256913380015e-01
7.201271038902676835e-01
5.879912983078148248e-01
6.904749816294202258e-01
9.598944253109411573e-01
9.963279120111037113e-01
8.112551778262367952e-01
8.457308569494419448e-01
9.887626221155960682e-01
9.995654622185234928e-01
8.648702819720757162e-01
9.331088762930855873e-01
9.940771510182860871e-01
9.999998080190561911e-01
6.413109257835332144e-01
6.248068608205953334e-01
5.907135530546381297e-01
8.150022280937381236e-01
8.782921911115784130e-01
8.300813989646440572e-01
6.804998426223873853e-01
6.687176906124024933e-01
6.473963053467991502e-01
8.076441549980881707e-01
8.540778264160142630e-01
8.554818831563861803e-01
9.934163095864434467e-01
9.964146314432478224e-01
9.871014507101932844e-01
9.607307678500479620e-01
8.570594006916711916e-01
9.050687696071282318e-01
9.184434618886468948e-01
8.342260651880823996e-01
9.872000862342368288e-01
9.909346013296710387e-01
9.873067215611361913e-01
9.721475141792780272e-01
7.149886083149716853e-01
7.083236168672228938e-01
6.957325842216451894e-01
6.728280796901607852e-01
6.343021014810102942e-01
8.439533446359496205e-01
8.806766844305942143e-01
9.141312747337613231e-01
8.605049335057236570e-01
7.959527462603375181e-01
9.747992113646546386e-01
9.799286713546735417e-01
9.801640347595540481e-01
9.722546411222590113e-01
9.523161047359366416e-01
9.156950172014630684e-01
7.526820225890908933e-01
7.665521729585864641e-01
9.295342844319034459e-01
8.403692365964323674e-01
9.163988402631442209e-01
8.386340821461212292e-01
6.823471556693447848e-01
6.397392944412840787e-01
8.325753335174580494e-01
8.425064975213929497e-01
7.316533694502831420e-01
7.039602713470780593e-01
8.311039448081245506e-01
8.779263697397483579e-01
7.581814642189854681e-01
7.419054714432029574e-01
9.861022676754919170e-01
9.742656274942758099e-01
9.367204295619055987e-01
8.805249710938566343e-01
9.281296988087582855e-01
8.582494008093263238e-01
9.822836190619647079e-01
9.752508544431128801e-01
9.552205113566240025e-01
9.072840349778598101e-01
9.439292933152361176e-01
9.303568595339353209e-01
7.667381473923843282e-01
7.484621540134102080e-01
7.191151198157351709e-01
6.559931828679816945e-01
8.662247469638797437e-01
9.004955329079494808e-01
8.997088363874249373e-01
8.026451460557755269e-01
7.865717768630702267e-01
7.782572025754868061e-01
7.633771366695984995e-01
7.330815035721167661e-01
9.670473257177365500e-01
9.652516752357053198e-01
9.558844167286425497e-01
9.302380024282852489e-01
8.781419881518208737e-01
8.862781708171795225e-01
9.142166417490236174e-01
9.381269257418228813e-01
8.714430908487778016e-01
7.925341609089091577e-01
8.027763517483483824e-01
8.013943676955836981e-01
7.956940543817044853e-01
7.795686556690862856e-01
7.461303580415685754e-01
6.756381639453669097e-01
6.735265010073631098e-01
7.114371065435534103e-01
8.431613096379880767e-01
7.823503542985836834e-01
8.447535813988185094e-01
7.823505943050176326e-01
6.666700503411410184e-01
5.836912393080184724e-01
7.865826250447059964e-01
8.005310011538711024e-01
7.175670947937549116e-01
7.302290762073553321e-01
8.017282821831477335e-01
8.503162802859369762e-01
7.454876629295705825e-01
7.541654208973420648e-01
9.077819034992419267e-01
9.319525486925396285e-01
9.359197838545295633e-01
8.345975893177264293e-01
8.831016141671639286e-01
8.197633379511224394e-01
9.201388762777240604e-01
9.358450202222087233e-01
9.411015068149997109e-01
8.618450934459211954e-01
8.989647001278848748e-01
8.883269694097497560e-01
7.548525113675734755e-01
7.618622288706764500e-01
7.598774791789273397e-01
6.189433237003384436e-01
8.384810529776236532e-01
8.740156044308269312e-01
8.756241906647508344e-01
7.838076220377823145e-01
7.763683223526720578e-01
7.833637632940914086e-01
7.848205603787934415e-01
7.783863083289604967e-01
9.230230661664367009e-01
9.352974562018159244e-01
9.412044444057638959e-01
9.385088158805755532e-01
9.241093325587470542e-01
8.598733996886631648e-01
8.885901794257348163e-01
9.134890449366548371e-01
8.504813358511598143e-01
7.759211231486511373e-01
7.944037734679182394e-01
8.020288042140526485e-01
8.058423352149430841e-01
8.039515731872196591e-01
7.940067657150701175e-01
6.396940411855662756e-01
6.186045406753742926e-01
6.667295662508141429e-01
7.887760086229260725e-01
7.359893679523038523e-01
7.973086086080074519e-01
7.381604826598583413e-01
6.415714132359080502e-01
5.390479969347181655e-01
7.532047258134906276e-01
7.705536586261210186e-01
6.935691784835604778e-01
7.214585415860556017e-01
7.760186731472976662e-01
8.264459647641683171e-01
7.229835297618198986e-01
7.419371099211126142e-01
8.658049462138273089e-01
9.040574832286347728e-01
9.245419648858165251e-01
8.022913183504037926e-01
8.523368339292807239e-01
7.943788766861047401e-01
8.860251222424893047e-01
9.115670074644844911e-01
9.278530399498421399e-01
8.309707818443972105e-01
8.694659204068084790e-01
8.618505252675431327e-01
7.327813047303843863e-01
7.502597501026967430e-01
7.598199559107322587e-01
5.877099218974233263e-01
8.148163970022646030e-01
8.520624000669396736e-01
8.563499231980100657e-01
7.691935627186878843e-01
7.561961204472454900e-01
7.700660886125977322e-01
7.789784157297093836e-01
7.824741816742926126e-01
8.977621581806317641e-01
9.167348523352414347e-01
9.299466241898659558e-01
9.370516979639305077e-01
9.370265745683725722e-01
8.381653462877857175e-01
8.683021477904494523e-01
8.948376251816521076e-01
8.353379326582397457e-01
7.644396250754040834e-01
7.763497951833542299e-01
7.883467711013579793e-01
7.968522777222801778e-01
8.013294283336650503e-01
8.008965117011100920e-01
6.124514350925472916e-01
7.527727620053934476e-01
7.634337638060627595e-01
9.035619755769858097e-01
8.611408105560004467e-01
8.892074265489521290e-01
8.616786534329587965e-01
6.753676695379675632e-01
5.712958223861144269e-01
8.009089719181492484e-01
8.307789843071604619e-01
7.501895384542072165e-01
7.344512088816420592e-01
7.972986618086561617e-01
8.363536623161522687e-01
7.799806017445815032e-01
7.816836686562040892e-01
9.280467048871956504e-01
9.227396540918556544e-01
8.938136504498173096e-01
8.737703813619470683e-01
9.152274364107292337e-01
8.409301929534189757e-01
9.212432232030817181e-01
9.281886893235450353e-01
9.239923941945568098e-01
9.029125756928351176e-01
9.273184163984803385e-01
9.020340389672718562e-01
8.136396701768704443e-01
8.146879873784819148e-01
8.055455595812903713e-01
6.897595238903548864e-01
8.587023291388430346e-01
8.805627609375992204e-01
8.676255989104983968e-01
7.834962318949005855e-01
8.374571583674967901e-01
8.455138845961520655e-01
8.476278004525896748e-01
8.251629716020415506e-01
9.034843905931205787e-01
9.137989338375609449e-01
9.177764031847341908e-01
8.968221484128877652e-01
8.301262483084534960e-01
8.812446394603343780e-01
8.973983279935809909e-01
9.088951861341199034e-01
8.398027585208988066e-01
7.718442993445939759e-01
8.575523260070516685e-01
8.682375642549485795e-01
8.749343427838546239e-01
8.700239557421485248e-01
8.449853653826506772e-01
7.199838354957598385e-01
6.977524920068628456e-01
7.667565917964896949e-01
8.645194627848822311e-01
8.377922784997912098e-01
8.629928886343710692e-01
8.313186834364898470e-01
7.560361194765677917e-01
6.749912256514633002e-01
8.393998239777585857e-01
9.192649805344579317e-01
8.079527407684879980e-01
7.561691691222547362e-01
8.531611064693247481e-01
9.396295636744481650e-01
8.321509492410706921e-01
8.043162750910785030e-01
9.204298446424681313e-01
8.741474497029629864e-01
8.003888871889210943e-01
8.846582107582883214e-01
9.710561668144258585e-01
9.338848482886822344e-01
9.290911177879849214e-01
9.039489384913341752e-01
8.650818220945485360e-01
9.061244790733461452e-01
9.608409740606678184e-01
9.649751206208894150e-01
8.438300071799116342e-01
8.138101735389620117e-01
7.708513908547435234e-01
6.875886381505885714e-01
8.860709080621461675e-01
9.393647006271803601e-01
9.568648912437577314e-01
8.863343127382539155e-01
8.603428052151643746e-01
8.466300969957843980e-01
8.254500557459494292e-01
7.800310544625433939e-01
9.278946734058559631e-01
9.164642318197750992e-01
8.971722539006405928e-01
8.532948381137435145e-01
7.659910654160400068e-01
9.010420841096719036e-01
9.366547999450135498e-01
9.685762054830433510e-01
9.164706467913065202e-01
8.667219261306142730e-01
8.726147283816588773e-01
8.688253065172663048e-01
8.602244240919310059e-01
8.366312262420316781e-01
7.867518527220034308e-01
6.934489643384340596e-01
6.153559675776337778e-01
7.045766608934460606e-01
7.792189984860057317e-01
7.718968705478821413e-01
7.871028501358618978e-01
7.681123065434902752e-01
7.291421801903160693e-01
6.506315094515000563e-01
7.909570959797178613e-01
8.985359225724118826e-01
7.816775958124817514e-01
7.318661459884763243e-01
8.153262985247827777e-01
9.222022240787568492e-01
8.078603975315259422e-01
7.815127947542246378e-01
8.491819233407669198e-01
8.017699750289153382e-01
7.285433371851517403e-01
8.360120674625397541e-01
9.424277099741343866e-01
9.285159713274586668e-01
8.682797937056268012e-01
8.428850404178467315e-01
8.045167554328586101e-01
8.589703763032217054e-01
9.281450340735657445e-01
9.489600084401604851e-01
8.190004593608047889e-01
7.905286915475311371e-01
7.495493479053799701e-01
6.696357346761463436e-01
8.493566930894627109e-01
9.176389312259052300e-01
9.516739261097724167e-01
8.983823163941192513e-01
8.379370610920358065e-01
8.254869038897234557e-01
8.058199700100164842e-01
7.627119500510606276e-01
8.790093878359446222e-01
8.678612858366523408e-01
8.492461713577978966e-01
8.069663225625115510e-01
7.227884455923507812e-01
8.665626597064086667e-01
9.127561919744595631e-01
9.560689782353067878e-01
9.177914532036333117e-01
8.829236653845848881e-01
8.528927596214369578e-01
8.501657485560343286e-01
8.427861800188726216e-01
8.207991230534419369e-01
7.731625231290928379e-01
6.831149445640884998e-01
7.548480044917809106e-01
7.208685748063622389e-01
9.347016666270381302e-01
8.041050694697615686e-01
9.296544157583621626e-01
8.125314864571535622e-01
5.789845615975089954e-01
5.539362454080867249e-01
7.825981226608867969e-01
8.202300569015330556e-01
6.354391292787824330e-01
6.079512244508982199e-01
7.872609269044740232e-01
8.542515102688164053e-01
6.695865318814547829e-01
6.481598801756807138e-01
9.944987811585963566e-01
9.905401220831112630e-01
9.614419913726981459e-01
8.429966302977479620e-01
9.113907481336440686e-01
8.640338518422460146e-01
9.999994878979799884e-01
9.932326993200140119e-01
9.732643209242984872e-01
8.801702589009858801e-01
9.327026099447192076e-01
9.361160494361918660e-01
6.813457002603641177e-01
6.582860618736687819e-01
6.248688259798074185e-01
5.760504931542667073e-01
8.364418449725399274e-01
8.865625319313572561e-01
9.028937340096703235e-01
8.229933442395808152e-01
7.105790974425691964e-01
6.947936634132041434e-01
6.725645138311014959e-01
6.394954453198742339e-01
9.945969276753734434e-01
9.892020929014984088e-01
9.758019380630417183e-01
9.502299343529759801e-01
9.072069626914274210e-01
8.677201107422686244e-01
9.077438175018734956e-01
9.445337190185835174e-01
8.912552684860143293e-01
8.263213035536155493e-01
7.371269520313079582e-01
7.274689405619284566e-01
7.134149466795672856e-01
6.914726225406204740e-01
6.575797038134509886e-01
6.069763347438514867e-01
6.392741432943299662e-01
6.781797148915431617e-01
8.314522445828881336e-01
7.489416724158939331e-01
8.336895956598346924e-01
7.513752922115328747e-01
6.391949271459642645e-01
5.599612569072912605e-01
7.834904669346116624e-01
8.030834696840287723e-01
6.913996109553111058e-01
6.984823389137364558e-01
7.995656485914026668e-01
8.528318737925182358e-01
7.210230871308370704e-01
7.239300133340306198e-01
9.311333094702666235e-01
9.532802940085707277e-01
9.544429005596641868e-01
8.348261085178293461e-01
8.881832954708247518e-01
8.289732854577614996e-01
9.456050307571632896e-01
9.580184787428885906e-01
9.594045491871515674e-01
8.648684299336475423e-01
9.059112516710344787e-01
8.989394275376380028e-01
7.309075383152472405e-01
7.321855536936021647e-01
7.243346571190134586e-01
5.887273780297468395e-01
8.398578498639244216e-01
8.792564741164433650e-01
8.846874252383990500e-01
7.956390262381801692e-01
7.545746487426074900e-01
7.559501539207295062e-01
7.516065358771523153e-01
7.399242231112004298e-01
9.504778084590889131e-01
9.589675770131359522e-01
9.606455693674874619e-01
9.540503052704758513e-01
9.368910040718023691e-01
8.641552797359665083e-01
8.959938346985198976e-01
9.241623925472165491e-01
8.635242694080178527e-01
7.911189539900320700e-01
7.750034604946026695e-01
7.773786212785488425e-01
7.757753330079986132e-01
7.687350975489815053e-01
7.543769041811941856e-01
6.076662566160623280e-01
5.939674767723589488e-01
6.858513727776504032e-01
7.947362499249307488e-01
7.491727040116994418e-01
8.002025670065080476e-01
7.451494087471205452e-01
7.164765426853195729e-01
7.419493283734726052e-01
8.159451066923424367e-01
8.223116642728939274e-01
7.657497929856625918e-01
7.905164071202342990e-01
8.384475759572929121e-01
8.821787115367424326e-01
7.910458924301543293e-01
8.061983094177327391e-01
9.146772725796049608e-01
9.479437448345284789e-01
9.617335253785631588e-01
8.601601662371537449e-01
9.030225712080175438e-01
8.316394882261513022e-01
9.333192746859158007e-01
9.538483410504936533e-01
9.641339601654530522e-01
8.836333789309493980e-01
9.159060133324308239e-01
8.993508928166275007e-01
7.998305513711796433e-01
8.132173736533522268e-01
8.175278457633444740e-01
7.838282789909867265e-01
8.710856107169007156e-01
9.021971203049101717e-01
8.980420921257603606e-01
7.983329089416395519e-01
8.179427382386748047e-01
8.277783776752244416e-01
8.319315079448974526e-01
8.299108199577670542e-01
9.428214325468153856e-01
9.571167644169928934e-01
9.650161168673200285e-01
9.661288436879653663e-01
9.593402338860999023e-01
8.885643782894321330e-01
9.135333402027905336e-01
9.342932757606658978e-01
8.650556970630365328e-01
7.843127302104587750e-01
8.321494912910509800e-01
8.403919448282767268e-01
8.446548981953470037e-01
8.443195215860697100e-01
8.383892839725298751e-01
7.952475806394975200e-01
7.780698641209016220e-01
7.652622819100284302e-01
9.295543272445552230e-01
8.681767518071881184e-01
9.160570723325479614e-01
8.748949467861566465e-01
6.456597675166052541e-01
5.537675861194542026e-01
7.957255437254567854e-01
8.360267408047594717e-01
7.236222938653229519e-01
7.025595255147001339e-01
7.919443884213129836e-01
8.407066179426119223e-01
7.592906880354897137e-01
7.548814600543062303e-01
9.494831858060743812e-01
9.423021776811559835e-01
9.107836872911363457e-01
8.738447048582400623e-01
9.254016056952373281e-01
8.597460622920246598e-01
9.436941906390213797e-01
9.466583528073557741e-01
9.378879591952824502e-01
9.100687236369943145e-01
9.404046051886565394e-01
9.205206625285775601e-01
7.913817615985849763e-01
7.862402218198634163e-01
7.707172891565450268e-01
6.683359767982263167e-01
8.588818781994171925e-01
8.863906107452883543e-01
8.791152333981415712e-01
7.960368378060445060e-01
8.217621911469018547e-01
8.249564709187338085e-01
8.220274703650393144e-01
7.971066900372483222e-01
9.267734155994800105e-01
9.336774048599180142e-01
9.338550711767252821e-01
9.115131716897687530e-01
8.488523919761539194e-01
8.887179578976484029e-01
9.072903602272781587e-01
9.212943069521790651e-01
8.545549348908965115e-01
7.902960437970785179e-01
8.488573143727269343e-01
8.559176519179747533e-01
8.588493864207217277e-01
8.501127676539391720e-01
8.212712626556536444e-01
7.078152117730753812e-01
6.454425850762599559e-01
6.780717736747620128e-01
8.310542180800032375e-01
7.622610427010250156e-01
8.257462284764093274e-01
7.699928263302104892e-01
6.307329367239115081e-01
4.804879141053876035e-01
7.743396919110371313e-01
8.425113340489114311e-01
6.967556103374904497e-01
6.675254653072553168e-01
7.816559061111852946e-01
8.599187127680580911e-01
7.325120493572090385e-01
7.184328070144273548e-01
9.213374758411962961e-01
9.059414226271804704e-01
8.660969791449131261e-01
8.400229559335885554e-01
9.199300282293509934e-01
8.828082767583429469e-01
9.268840464081978814e-01
9.206531565368006875e-01
9.021891019043490889e-01
8.763038189975921322e-01
9.293098286096743710e-01
9.333960247472393723e-01
7.517575307251499472e-01
7.362991825247093836e-01
7.101735735035422659e-01
5.378979694823377011e-01
8.365817726261175480e-01
8.873507177289068348e-01
9.043268790458419693e-01
8.350273598345709924e-01
7.821889261686255646e-01
7.773884148013092688e-01
7.662738000107085501e-01
7.373232604940470614e-01
9.223589237017726372e-01
9.225796533599825988e-01
9.156974661276363614e-01
8.902982764849867170e-01
8.333175828633464510e-01
8.670443453064615724e-01
9.025010796785565281e-01
9.344723431901004185e-01
8.835529927840669595e-01
8.317880377636763800e-01
8.095725497506374158e-01
8.113029427441116326e-01
8.088388768150119867e-01
7.951068437524939636e-01
7.621814152201420445e-01
5.756825838557617647e-01
6.130160953991843353e-01
6.637155021069621741e-01
7.926738299942345245e-01
7.385878155797901412e-01
7.962746159750337949e-01
7.435260188646093393e-01
6.423936653949142705e-01
5.166397148165111641e-01
7.617247841959617904e-01
8.576448531658202867e-01
7.008186078743324776e-01
6.557459181164577711e-01
7.794306498531357041e-01
8.859058679598940111e-01
7.336092712157137319e-01
7.034801645452209984e-01
8.825685673136716147e-01
8.482250195086503686e-01
7.885265893125984471e-01
8.178904571585690064e-01
9.250389016865534497e-01
9.140322017395728915e-01
8.978038769164035093e-01
8.738976014689143756e-01
8.367587058513740184e-01
8.502487993338050387e-01
9.264044023876800704e-01
9.545094867637458069e-01
7.471025693609922858e-01
7.151461957719188467e-01
6.713243220910478648e-01
5.245683246519217136e-01
8.251851133347776202e-01
8.998242466128960615e-01
9.412212994907180885e-01
8.877361373325415306e-01
7.741480072830679848e-01
7.549037668654248190e-01
7.285125754254243580e-01
6.858360106005126910e-01
9.040401910136761643e-01
8.894183491258687013e-01
8.669229245171198306e-01
8.275191767352788608e-01
7.607073072964404270e-01
8.520621382466104787e-01
9.065738941649751359e-01
9.587625747323358372e-01
9.245591900913184835e-01
8.853847999106490008e-01
7.980159880046112653e-01
7.879674113578205574e-01
7.731806417135447251e-01
7.471997301069541741e-01
7.027546551730281532e-01
5.482702859353882907e-01
5.541543865176882244e-01
7.571739623181572565e-01
6.947426379207186642e-01
8.001973315524288921e-01
7.121404656749075190e-01
7.758320532223644816e-01
9.264246190930449654e-01
9.150492643212094768e-01
8.458103289079772491e-01
8.532924141260014306e-01
9.622273049975721415e-01
9.677458215208980530e-01
8.862320761382855849e-01
9.336208790725170070e-01
9.724212656283688361e-01
9.727156227783819720e-01
7.491633326825619665e-01
7.369389906761402154e-01
7.048641238644475226e-01
8.614468139948308067e-01
9.051506616268172323e-01
8.343266238547351055e-01
7.775607250548592919e-01
7.660257323164995080e-01
7.437401162017969192e-01
8.616609390933647195e-01
8.939208110254476258e-01
8.785483875460171621e-01
9.754851062534080075e-01
9.730439623879121314e-01
9.581032247857665940e-01
8.791901578263491279e-01
8.895403945102907661e-01
9.223706800856266153e-01
9.191911702901471859e-01
8.181319750001513347e-01
9.749146149032705821e-01
9.732526435551619448e-01
9.639885004393397017e-01
9.439141221636806467e-01
7.993307562668372501e-01
7.908693155482405812e-01
7.757207068777194348e-01
7.505373904606859048e-01
7.110703935416432531e-01
8.834983988591386117e-01
9.092954733799712974e-01
9.309619030503750725e-01
8.628021860239224461e-01
7.828362868081337744e-01
9.685281939210990121e-01
9.686460432068354498e-01
9.636456167755547142e-01
9.508338777484899307e-01
9.269224924869803317e-01
8.375065396044432120e-01
4.769848643868599969e-01
7.155553437664298189e-01
6.210184077449895090e-01
7.568326408328273081e-01
6.420142213043389390e-01
7.334446717009591721e-01
9.377830443065265920e-01
9.887983512192739521e-01
8.261796544847358481e-01
8.463362122918196562e-01
9.770388002331440447e-01
9.957147352824563535e-01
8.719357730479320168e-01
9.294798400453787579e-01
9.889019225103325983e-01
9.977235138489412014e-01
6.961846482960343252e-01
6.923305709645242167e-01
6.707710203455543585e-01
8.432826903795515028e-01
8.970226986780895917e-01
8.370778501930902227e-01
7.288472139577309994e-01
7.226467005957478706e-01
7.067260502578586179e-01
8.440232833317582450e-01
8.841268950488070377e-01
8.773719311126942921e-01
9.937865137407406735e-01
9.999996731623074231e-01
9.941415981951982062e-01
9.752027978768371685e-01
8.773516547693300804e-01
9.182976287087678546e-01
9.237587313643738085e-01
8.305423997780595480e-01
9.948757912917288726e-01
9.986587891290283903e-01
9.950233523708366112e-01
9.823362737607187478e-01
7.557613538213912019e-01
7.503772076009147529e-01
7.388311389660453532e-01
7.192997437253501047e-01
6.892235705773955834e-01
8.721513379580463354e-01
9.042590843570816883e-01
9.326614509700033029e-01
8.714141779398454357e-01
7.982506547365427751e-01
9.901176349924147857e-01
9.934975516585506927e-01
9.918124812196147388e-01
9.834944902845931258e-01
9.664580336273385086e-01
9.383541200310023811e-01
5.204505544497056713e-01
7.243212131925294006e-01
6.661160961037276840e-01
7.741413254600636451e-01
6.847315164465148651e-01
7.559618730799958497e-01
8.991080824311683539e-01
9.662147546820868405e-01
8.242099506524951380e-01
8.369145396908214130e-01
9.436656098689473193e-01
9.766764934940488363e-01
8.657806507317227229e-01
9.165285192398338054e-01
9.600545124930542906e-01
9.796606303540089655e-01
7.339925276656722453e-01
7.496605305552208609e-01
7.486102145013251441e-01
8.496996596481919406e-01
8.973485430386949346e-01
8.313799058337199011e-01
7.640735947811604367e-01
7.719796412612238701e-01
7.708108475801127568e-01
8.566159400769350896e-01
8.920888342789758951e-01
8.801277990035452081e-01
9.673626084355660959e-01
9.846744882505580332e-01
9.910943053420557813e-01
9.852904379526412626e-01
8.797342926298593602e-01
9.155908211088215065e-01
9.158469814403806808e-01
8.184980013136915478e-01
9.737643302876325402e-01
9.857150420490722320e-01
9.909156519086546044e-01
9.889724958138973454e-01
7.878092243883508816e-01
7.925905950904837960e-01
7.915873993196256286e-01
7.842577259812890667e-01
7.694239497114325754e-01
8.807377576833907984e-01
9.089827574890497752e-01
9.332517170178906696e-01
8.676975244287936651e-01
7.904299640787655346e-01
9.747222590654101015e-01
9.840250780547329379e-01
9.886485194713878766e-01
9.879926655392384793e-01
9.810240370314156078e-01
9.646797418378195710e-01
5.350077088148872395e-01
7.247911931746122693e-01
6.892162031284029267e-01
7.797661347309547963e-01
7.064322773017540635e-01
7.652815233582054288e-01
8.807321980034373832e-01
9.598390377928396333e-01
8.293222287893582401e-01
8.386781387493338347e-01
9.293847178250047580e-01
9.708018615822116004e-01
8.688685442421497651e-01
9.166052093631457121e-01
9.493496367732898733e-01
9.752830086738033533e-01
7.644886707657304603e-01
7.918047990948798853e-01
8.027940792253064339e-01
8.607900717418275338e-01
9.058647897447678066e-01
8.362975066286855164e-01
7.935185826875623682e-01
8.098134131226071286e-01
8.173094224159711541e-01
8.723007453662485755e-01
9.056421360679214327e-01
8.907468967890469491e-01
9.581232871528359007e-01
9.819304187797982530e-01
9.954569950929472721e-01
9.999987348610706039e-01
8.888382955789010387e-01
9.222641944829922389e-01
9.197110061470379350e-01
8.193264834030656862e-01
9.685645049702442666e-01
9.852610995732383747e-01
9.955415684267936438e-01
9.996754150159311569e-01
8.157889350473513934e-01
8.265606517647603457e-01
8.317000018192255428e-01
8.313544363499889567e-01
8.250824272704629925e-01
8.944317734580199408e-01
9.206839512404112469e-01
9.427619807001590413e-01
8.741439297452012758e-01
7.939998042052136551e-01
9.738044399920301464e-01
9.864817982796105778e-01
9.946579256145874348e-01
9.982685818218586249e-01
9.968594668600522235e-01
9.899544715694140740e-01
4.962464253116178337e-01
7.199787256194755125e-01
6.661356349363026785e-01
7.450046661404533532e-01
6.933527617806459764e-01
7.184544389815784582e-01
9.218295665837485942e-01
9.241359905555533993e-01
8.529771253293809696e-01
8.784347184886825977e-01
9.419005781783404974e-01
9.439283019555908538e-01
9.054981560808992302e-01
9.536514896217684889e-01
9.488603561978343759e-01
9.552894379987059148e-01
7.689904311353676913e-01
7.561600285156764301e-01
7.229258404852275666e-01
8.532000533748697046e-01
8.960190424454703706e-01
8.254734539144674699e-01
8.102765954112838287e-01
8.077630039587508914e-01
7.947823069805990404e-01
8.506421519218341221e-01
8.745659454480746442e-01
8.516541005887281468e-01
9.379220054309092003e-01
9.410640905057288119e-01
9.326061340157731916e-01
8.892855394043962525e-01
8.932554031917477877e-01
9.183552418743718970e-01
9.072659566196007441e-01
8.120874962359238003e-01
9.337363617718319464e-01
9.401343112379795253e-01
9.397461019760428025e-01
9.211837771977281486e-01
8.455537555143516348e-01
8.484320056945657829e-01
8.449632226857417550e-01
8.236827825512907930e-01
7.715345946053451254e-01
8.847312261697657387e-01
9.007287833035535485e-01
9.120387545364503357e-01
8.412948411554241890e-01
7.697549450465019927e-01
9.237897618357934215e-01
9.315089903461167831e-01
9.347369958471967166e-01
9.276398786575594801e-01
9.035829183792895014e-01
8.480257882556564430e-01
6.107250969749021818e-01
7.557379539163620041e-01
7.673382071314497344e-01
8.109099178665204466e-01
7.814272326973313865e-01
7.953434836200752311e-01
8.478387082717085965e-01
7.514968960403138887e-01
8.434416869186674992e-01
8.810265428477943583e-01
8.908716419586057977e-01
8.815966213621602154e-01
8.777427321114046332e-01
9.451738583683585437e-01
9.081283093374514781e-01
8.989337597045471417e-01
8.293725482771552304e-01
8.132220448588226569e-01
7.748372259678605323e-01
8.725682366883777963e-01
9.376059722167049415e-01
8.836578757131622330e-01
8.550298584035413985e-01
8.410861602806422033e-01
8.152232574278089894e-01
8.832242415434927718e-01
9.289315209367232651e-01
9.255153148438317601e-01
9.143391772423065111e-01
9.026569587239988701e-01
8.785429091873616647e-01
7.200512702006791610e-01
8.947982278787989241e-01
9.404120266475880507e-01
9.498494949055048542e-01
8.606655420538906753e-01
9.222725829794651276e-01
9.145279595728839084e-01
8.992093138740751002e-01
8.716527719303162058e-01
8.729722163759477960e-01
8.631435903323139147e-01
8.459756071626503005e-01
8.167660179944544740e-01
7.697400241487294403e-01
8.992678468106655165e-01
9.327148663461042322e-01
9.623604093742897936e-01
9.017864808611870675e-01
8.326525039476523338e-01
9.251480476703338729e-01
9.211879955691580912e-01
9.121297752614511145e-01
8.943617083103653220e-01
8.636224365098094102e-01
6.927438753874660682e-01
5.857270263310055958e-01
7.310700131906280319e-01
7.501475964607238200e-01
7.878948973041552950e-01
7.647348262914928085e-01
7.751921185854163676e-01
8.269158192297048071e-01
8.090732750227388470e-01
8.314246978291874868e-01
9.021355639817784100e-01
8.727770483991180717e-01
8.455488834504336637e-01
8.662090070596164537e-01
9.598374907637763354e-01
8.925318843891500986e-01
8.701097911899970949e-01
8.271342301363654448e-01
7.941326044674922313e-01
7.372881321519609843e-01
8.643786971168433420e-01
9.560079266708412238e-01
9.258660056287923990e-01
8.538324675391253393e-01
8.273012403692783234e-01
7.878916756488199002e-01
8.780475623222688819e-01
9.437427989594459055e-01
9.601230322008165174e-01
8.999600231657545191e-01
8.750210057736351743e-01
8.368216190039051705e-01
7.783529890757545644e-01
8.874646040004279257e-01
9.530463166020769483e-01
9.828230192135730681e-01
9.106546361756706620e-01
9.108184619820611783e-01
8.932470237060350371e-01
8.675809598439485626e-01
8.279568206065768265e-01
8.729091773999406723e-01
8.536694833599700605e-01
8.265126538580032101e-01
7.855468620033698723e-01
7.236920619344818784e-01
8.951245525255826507e-01
9.435014731057320692e-01
9.889397320347989018e-01
9.428128386264535976e-01
8.883260388830391818e-01
9.168401963861700921e-01
9.055848487374383859e-01
8.889006576857954034e-01
8.622697583209537608e-01
8.204533723575491155e-01
7.571596627478214270e-01
5.233843467513767944e-01
6.639245740072461377e-01
6.787345700403044635e-01
7.199094446404147307e-01
6.984818667562765482e-01
7.122098249862570674e-01
7.623624866331232264e-01
6.759097896440333653e-01
7.642675779487129173e-01
9.031574668296047381e-01
8.095950068302879554e-01
7.422224137440811553e-01
8.035638985229504039e-01
9.427444368339799041e-01
8.324861295400782790e-01
7.873878031211454243e-01
7.578979440609694418e-01
6.843417989833486814e-01
5.846605783045131233e-01
7.996143830493314120e-01
9.371422613688482617e-01
9.544538853149013846e-01
7.898551820308503668e-01
7.404045334543839507e-01
6.771126071263929846e-01
8.168998378156467899e-01
9.128317569490894678e-01
9.620590372625696940e-01
8.401219940035741240e-01
7.924637143659859495e-01
7.305694033848200153e-01
6.362959117007565002e-01
8.286788803321909480e-01
9.247498357685678405e-01
9.875156388584993561e-01
9.531245796178037244e-01
8.551013214564801013e-01
8.254663271123842128e-01
7.874180308866680633e-01
7.279468376841479182e-01
8.153189448637142567e-01
7.839453886908562819e-01
7.443534684304872195e-01
6.835007043031013918e-01
5.865838436337097450e-01
8.407398260444471916e-01
9.091702895423576791e-01
9.761291369631308612e-01
9.579228509159483096e-01
9.379179484911261966e-01
8.657905354955444110e-01
8.488613794262876988e-01
8.264821120317857872e-01
7.896169836245986451e-01
7.281906572316264592e-01
6.292676849604772471e-01
4.164475271571673187e-01
6.717618716757935982e-01
5.526554096539059158e-01
7.125789488543713412e-01
5.775786106803788567e-01
6.917803690199975097e-01
9.221819401683089001e-01
9.273304782980809069e-01
7.866353163754811195e-01
8.231491207832254409e-01
9.644498007340818191e-01
9.755700561296830609e-01
8.368809592406346587e-01
9.073516714583689247e-01
9.787186178541938952e-01
9.807347451473329425e-01
6.311434818167899197e-01
6.160270286048222799e-01
5.837113954483303946e-01
8.056560687028191392e-01
8.723562030473159812e-01
8.282409376433695902e-01
6.677500487106150517e-01
6.521933237060630884e-01
6.269668416573194181e-01
8.081343225173324152e-01
8.590350560353066101e-01
8.647737819461198683e-01
9.849649837063602087e-01
9.843999745818955427e-01
9.713586510788909667e-01
9.031620593109179751e-01
8.451808689689765952e-01
8.971477088767049191e-01
9.149769009077498572e-01
8.343822192403493876e-01
9.888183030223242076e-01
9.865067924428704282e-01
9.764459254194143289e-01
9.571912645957606491e-01
6.996027323491980088e-01
6.862498038883962925e-01
6.666786028228998129e-01
6.392155318885526238e-01
6.014919092622199592e-01
8.422137412848991200e-01
8.833988339665875822e-01
9.215761911998407996e-01
8.713359488057930147e-01
8.086139527283660033e-01
9.870049613933915555e-01
9.849711680786770174e-01
9.776108494852447928e-01
9.634500140319545158e-01
9.404995327916051417e-01
8.625387614743098563e-01
4.562386198551237615e-01
6.908961090119180026e-01
6.023163449056712082e-01
7.365846605461179308e-01
6.234133373966214142e-01
7.177775889653177366e-01
9.112102013852210192e-01
9.670535007910885383e-01
8.066191735397962859e-01
8.284102261907028142e-01
9.558308811521636361e-01
9.793460835835057221e-01
8.520798353846069650e-01
9.103776844735786966e-01
9.719913044053649642e-01
9.835002204463757502e-01
6.844351636694914198e-01
6.861679781363541064e-01
6.710394767426304252e-01
8.301478924884294619e-01
8.850941194273375112e-01
8.278331191472900752e-01
7.173352807006486698e-01
7.141490947777506815e-01
7.016220363044514130e-01
8.357069441130644538e-01
8.772282056243445592e-01
8.723096917084879331e-01
9.792544783192191904e-01
9.883488369602616563e-01
9.857749209838765347e-01
9.694073907033535775e-01
8.644855679203539145e-01
9.066680779567783954e-01
9.138928484191527479e-01
8.233007546509352181e-01
9.852642530928626963e-01
9.902739494991606994e-01
9.880151314351708347e-01
9.778481863443365674e-01
7.446355739360558390e-01
7.404256125103282349e-01
7.302117178482807613e-01
7.131633081263130114e-01
6.878068826982178807e-01
8.643597699738168050e-01
8.977953282434022464e-01
9.276490939811801173e-01
8.682772483229171945e-01
7.968021867793447788e-01
9.857414475877398496e-01
9.892100046377571010e-01
9.876412801830591892e-01
9.802050824551432617e-01
9.656099628810190794e-01
9.399075514809792642e-01
4.801185871838518082e-01
6.917875264843222904e-01
6.346549819533936487e-01
7.422118997257006745e-01
6.534133048703887336e-01
7.268304681450938887e-01
8.813307919861161910e-01
8.809052978546046964e-01
8.091644854116998298e-01
8.229400912227007314e-01
9.286719683318912510e-01
9.631630701450161203e-01
8.511344453933012977e-01
9.027140368963122441e-01
9.476063009727198061e-01
9.679952261837394545e-01
7.220719451140040768e-01
7.394853258418240260e-01
7.406494113730255346e-01
8.380032517575861650e-01
8.867026527488688359e-01
8.231037342434162074e-01
7.528562186768946729e-01
7.616403847772499347e-01
7.615598917979790050e-01
8.477427203530030209e-01
8.842528125560058516e-01
8.737870710990154333e-01
9.559459362883668820e-01
9.741359865080241320e-01
9.816449958465142123e-01
8.992252158015604513e-01
8.688411789841732347e-01
9.056601915874290532e-01
9.073248232153667825e-01
8.116057986115157163e-01
9.652806945690695084e-01
9.774960865397206433e-01
9.830430296027279358e-01
9.818922017842375283e-01
7.774760475641799840e-01
7.824556186187401341e-01
7.817425274985143613e-01
7.751579013161593590e-01
7.619255590824807189e-01
8.728667499002307206e-01
9.020155333153375699e-01
9.272886027751707783e-01
8.633270478629192501e-01
7.876385023339189662e-01
9.693756861580187234e-01
9.784946817411837028e-01
9.829531478453065185e-01
9.824399679981266065e-01
9.762337816683007707e-01
8.795363785822516434e-01
5.021772495473045828e-01
6.609597524888879416e-01
6.537173234173697667e-01
7.180019465404170464e-01
6.722943581391473966e-01
7.104660642481788191e-01
7.841179100408652847e-01
7.531675899321570444e-01
7.634930872516451084e-01
7.756636535312774194e-01
8.344675767756946083e-01
8.805667539860673187e-01
8.022753925908163719e-01
8.496252996995288242e-01
8.585095767006174494e-01
8.895561637308400105e-01
7.327296134536449568e-01
7.694809064854986058e-01
7.916275142244409979e-01
8.002932729802015865e-01
8.455243744830998054e-01
7.836937183599074208e-01
7.631273005932908138e-01
7.877718214419846543e-01
8.046491080430216991e-01
8.177884473241681107e-01
8.519049399367506492e-01
8.407315701639672678e-01
8.678188666974723242e-01
8.970873932513920845e-01
9.176313905299269269e-01
8.047391241340013934e-01
8.288871821611542012e-01
8.629057992151727419e-01
8.633825501267992086e-01
7.718208412696792031e-01
8.837783156236653781e-01
9.055815917224189215e-01
9.219372604536779647e-01
9.333259683009892393e-01
7.872145595570220200e-01
8.052171574544173538e-01
8.182521576388828155e-01
8.267221710503418475e-01
8.304966759663731102e-01
8.411465560662794161e-01
8.682803655729621761e-01
8.916257485975422892e-01
8.291805443190998215e-01
7.555721608079741802e-01
8.953288090647906206e-01
9.125787232662648796e-01
9.259774200872452621e-01
9.356840350635848846e-01
9.415211148350850490e-01
8.112073559195381867e-01
6.338318677252862132e-01
6.815043137065611711e-01
8.326463069927720895e-01
7.505542807473201128e-01
8.369825886597986875e-01
7.516214534843259631e-01
6.537632797755369429e-01
6.073937420576410728e-01
7.961838365082003488e-01
8.139193596690252885e-01
7.048808469535604582e-01
7.041586061596891710e-01
8.151866696158404091e-01
8.673682155571409425e-01
7.335008714342635683e-01
7.284991361387560538e-01
9.416558044764908875e-01
9.557200826918077485e-01
9.477398706502058179e-01
8.460277215882665569e-01
8.979916188197808458e-01
8.361804692783648685e-01
9.589065425184418734e-01
9.633597179743942363e-01
9.560007322653476525e-01
8.748705212053691227e-01
9.148276420889777105e-01
9.062517660495634786e-01
7.427756353943849588e-01
7.359973951997277331e-01
7.193266182118780439e-01
6.194764619298062103e-01
8.538449825452747444e-01
8.923147945370282219e-01
8.962453999795094717e-01
8.048966518700554351e-01
7.651897191572851753e-01
7.588332282345329194e-01
7.461970115961868988e-01
7.260373189730627841e-01
9.666209097155959995e-01
9.675726888100975032e-01
9.611249661907306230e-01
9.461981763727014272e-01
9.208894994123868472e-01
8.768876579718316577e-01
9.080303461235901263e-01
9.353836793033913910e-01
8.727550136841959461e-01
7.981686130133541779e-01
7.842368522278589937e-01
7.794226306280824801e-01
7.702119157618279033e-01
7.553538201731169188e-01
7.331788739470873617e-01
6.257537421820594803e-01
7.116007729981983498e-01
7.460991513675332421e-01
8.962710248997852736e-01
8.181191294983698459e-01
9.015252262676487494e-01
8.162022832752677814e-01
6.921386240268485590e-01
7.213831480728533085e-01
8.305230509174863496e-01
8.403618171363301803e-01
7.424525134191604092e-01
7.489006472840868955e-01
8.502485598508287001e-01
8.974073650481699804e-01
7.691976236588082827e-01
7.688685630859807274e-01
9.712445396877333881e-01
9.918375779383573621e-01
9.902945845653799983e-01
8.786154649273004713e-01
9.252801563278942876e-01
8.548346376214122078e-01
9.886697886040989314e-01
9.974595775631751593e-01
9.943955392047515440e-01
9.051040651134709680e-01
9.404367598122481686e-01
9.257014056401082769e-01
7.783720877890225598e-01
7.762033058870622115e-01
7.640438499542573370e-01
7.419187340977744238e-01
8.865249747722583340e-01
9.204332882661457882e-01
9.184582494335942204e-01
8.186975717253457407e-01
7.983257263462479880e-01
7.949184930689032758e-01
7.851593341017440997e-01
7.683228950752154507e-01
9.962349778864293404e-01
9.999997899399687418e-01
9.963094596150261495e-01
9.845999406164379630e-01
9.635093005477598505e-01
9.068820228565785957e-01
9.341327045219823821e-01
9.571866123581468377e-01
8.881100896125193600e-01
8.071922289946430462e-01
8.145868394734255835e-01
8.115545023468250241e-01
8.040565990205102986e-01
7.912293651184542087e-01
7.718084963946035826e-01
7.444033482888342546e-01
6.589228696174302957e-01
6.916026663596276380e-01
8.444706932907024566e-01
7.628003819763831128e-01
8.531783708603969396e-01
7.644497306047530749e-01
6.425185104649252521e-01
6.823699750116574148e-01
7.855456220440824033e-01
8.030880418677597277e-01
6.940058293745877682e-01
7.120486659735079105e-01
8.084194489134380879e-01
8.607687127474908939e-01
7.228537184878680577e-01
7.321620086970578312e-01
9.317919397798158920e-01
9.647970566695815986e-01
9.778737646227270153e-01
8.360059169618964114e-01
8.879689008039222120e-01
8.274164163297494934e-01
9.531640871189857034e-01
9.723101053935829796e-01
9.808540351950139069e-01
8.651883989907878103e-01
9.053126332378363950e-01
8.974265594561906534e-01
7.326276071566054648e-01
7.403615043911928595e-01
7.394366564813468212e-01
7.282060420201290629e-01
8.480799231072833066e-01
8.868914899217121839e-01
8.913992673384699694e-01
8.005400481144597791e-01
7.554304192873229074e-01
7.600088893062835194e-01
7.590600572533731105e-01
7.524768850113719987e-01
9.653811084577803570e-01
9.776013952360482762e-01
9.831241414331911566e-01
9.820121440632844090e-01
9.736209906279299497e-01
8.716621425586102978e-01
9.032006572531885435e-01
9.310049803211175590e-01
8.692074545179876432e-01
7.953842153146439831e-01
7.749445688304817947e-01
7.782628045563850794e-01
7.776513319463151941e-01
7.727827872004398024e-01
7.629918315348099833e-01
7.451350806832105489e-01
6.655663672583582713e-01
7.162152634850783572e-01
8.021668993202262232e-01
7.860656881451220102e-01
8.187017763931482284e-01
7.847395048229691694e-01
6.877924428664597967e-01
5.799158866003604196e-01
7.590479505768648050e-01
7.698227010637479495e-01
7.386455432522981424e-01
7.793525651438114599e-01
7.905295315049443161e-01
8.359341484583848736e-01
7.659030199674740080e-01
7.935488161628586612e-01
8.278500727844539941e-01
8.729686742271848265e-01
9.019418418946181237e-01
8.036747796005819788e-01
8.478610845455827327e-01
7.847105497458495282e-01
8.550421383862760738e-01
8.855944444268745164e-01
9.076715164671982361e-01
8.283933689318321303e-01
8.618837630058993060e-01
8.495222752639458585e-01
7.752835904388799548e-01
8.013951388188116365e-01
8.197097027302342465e-01
6.299441353571108015e-01
8.249988105298771135e-01
8.577661744064301041e-01
8.571450039440392521e-01
7.652319286857909297e-01
7.958370543636059669e-01
8.154703064042603256e-01
8.301979918763512378e-01
8.404747886379375643e-01
8.746368648788275246e-01
8.970290244927797696e-01
9.140487951448594828e-01
9.262134399340073987e-01
9.334579624273875442e-01
8.444827867664553844e-01
8.707814846247327045e-01
8.932238997771386746e-01
8.297373177561127022e-01
7.551846072558439094e-01
8.127441908253245639e-01
8.284302426084024784e-01
8.406217109599924964e-01
8.494824640096456658e-01
8.548722898124487823e-01
6.455104054132237978e-01
6.074369627717903786e-01
6.756249759517419795e-01
7.805858334914839158e-01
7.423677915105472147e-01
7.955010773754416231e-01
7.418594035735228687e-01
6.760257135324008182e-01
6.705645674416609303e-01
7.701825619337132611e-01
7.828750505408063054e-01
7.269904855451192471e-01
7.655526606048174143e-01
8.011619762087290875e-01
8.487883183347559868e-01
7.547089481947950595e-01
7.803279447596530582e-01
8.636665047438757403e-01
9.100239632842663795e-01
9.394670321142125635e-01
8.165300386366156626e-01
8.630508351318548765e-01
8.002843834019938152e-01
8.912766819496088511e-01
9.221570310065272391e-01
9.441281623458660510e-01
8.426050698070731704e-01
8.780647048435581414e-01
8.668528242027659925e-01
7.640854184671422855e-01
7.881825212364003130e-01
8.044705122758560867e-01
7.312267121558848615e-01
8.371979320974588523e-01
8.718439889816499422e-01
8.726129290694772944e-01
7.803504978076054588e-01
7.852720658616262339e-01
8.029370286538263235e-01
8.156557693508860174e-01
8.239623692549138401e-01
9.109112317734119335e-01
9.330821568270968314e-01
9.495872234825386560e-01
9.610610055485201420e-01
9.675375910775116939e-01
8.579576571310865152e-01
8.858683160023396175e-01
9.099279774730233417e-01
8.464410625576670455e-01
7.715472785389774213e-01
8.029082638403217675e-01
8.166692206360440798e-01
8.268887761270253822e-01
8.337942336787141917e-01
8.373154880170078362e-01
7.503501549833311302e-01
6.988154536718973464e-01
7.517199209625466949e-01
8.797825382227086877e-01
8.352785395088823117e-01
8.762810808956551512e-01
8.361111134493446340e-01
7.215478047200671874e-01
6.828028366663809745e-01
8.370594742333581362e-01
8.526759789668396650e-01
7.859236054857163811e-01
7.803834944112332250e-01
8.480316389719539938e-01
8.893049458506349092e-01
8.174346415285296263e-01
8.148393593108229638e-01
9.529351160899149908e-01
9.569991154360216745e-01
9.377502972998668085e-01
8.977287090326060426e-01
9.397164290637446404e-01
8.628628672540973321e-01
9.602424990652389525e-01
9.628466841958397415e-01
9.534786536467867446e-01
9.279906756837055237e-01
9.534983279307777115e-01
9.279255981450811319e-01
8.365327283869248287e-01
8.324161588841521020e-01
8.174263468094279395e-01
7.391265246296880864e-01
8.968323238318675061e-01
9.203304466776595083e-01
9.074882696665053095e-01
8.057465915050846528e-01
8.613459628732075268e-01
8.606948459592846934e-01
8.533777644714483079e-01
8.326529669224799202e-01
9.572354900821675727e-01
9.599390924826123328e-01
9.554232476602294577e-01
9.370212931617725172e-01
8.967888950413213101e-01
9.206950447091630796e-01
9.360641287238420372e-01
9.464834178352061755e-01
8.698756500513444845e-01
7.894784984106344439e-01
8.823472709160439242e-01
8.840806061341324185e-01
8.812345941255813608e-01
8.697742580978669036e-01
8.450072466006774974e-01
7.561463058111603797e-01
6.512638110334133534e-01
7.391406536043845232e-01
8.250914457290656756e-01
8.065130870261698615e-01
8.342106332824087422e-01
8.009493850942144277e-01
7.572836734644073919e-01
7.460503709008208251e-01
8.300149088757671212e-01
8.824557008396555213e-01
8.083155114202307256e-01
7.823318032724410065e-01
8.562775061150542655e-01
9.380869370030169296e-01
8.335453019248051376e-01
8.082661167622259279e-01
8.996323457333332829e-01
8.777527949882127922e-01
8.313246787569807950e-01
8.736903929197137320e-01
9.545722293890646082e-01
9.140544027076528133e-01
9.207450037145161748e-01
8.976941071421205010e-01
8.611859557138219490e-01
8.958408453834142415e-01
9.564060995489741535e-01
9.668099334552244795e-01
8.431806693885640636e-01
8.156384253426118836e-01
7.753541986145203735e-01
7.195608545219142060e-01
8.882830215783418248e-01
9.479833247473712365e-01
9.718237420082868061e-01
8.924419295333330115e-01
8.607345768392967722e-01
8.380673815971345642e-01
8.073751645650679709e-01
7.656272171826975503e-01
9.330497827947230594e-01
9.128314689533517656e-01
8.841718720805772369e-01
8.441029477336238207e-01
7.886641185127014619e-01
9.043837721588922074e-01
9.504993902235217007e-01
9.934911837976981852e-01
9.424239861794776463e-01
8.797981220566226668e-01
8.740998333063183523e-01
8.565650207404786887e-01
8.335050317897362282e-01
8.022401034822916888e-01
7.595161186071515136e-01
7.016339395134728596e-01
5.580253023199861495e-01
6.716348048399748416e-01
7.371861853911348961e-01
7.345224287472651437e-01
7.497661865628666433e-01
7.305796506806097046e-01
7.331321094070614164e-01
6.660002935991508055e-01
7.877584362346037317e-01
8.562611151071181093e-01
7.847354650502403883e-01
7.613862648401411581e-01
8.184919279237808931e-01
9.141106380625483308e-01
8.108603247378413093e-01
7.877426810291906500e-01
8.382325222077925408e-01
8.163871143734278135e-01
7.715244728729196977e-01
8.313436493273458350e-01
9.259660947368327788e-01
9.025395562400619909e-01
8.635697391003608336e-01
8.410430322937358927e-01
8.058245025875340195e-01
8.539683158589397305e-01
9.263682325670339335e-01
9.506042065971055388e-01
8.209162787696110408e-01
7.956455706989162824e-01
7.580869948718249596e-01
6.396673060235260611e-01
8.513460602885736250e-01
9.231648362192205193e-01
9.606685753474891731e-01
8.943060462624327078e-01
8.397232350311394367e-01
8.188303072114578862e-01
7.901838856269478573e-01
7.510086156220719955e-01
8.810707283280599933e-01
8.614793631013991648e-01
8.338862832976046136e-01
7.955537749298003947e-01
7.428113981778630137e-01
8.684161784860127131e-01
9.247933589912840091e-01
9.788487812144101019e-01
9.402054441689436937e-01
8.889952575967606796e-01
8.545318945086846085e-01
8.383671460155561750e-01
8.168511080031988225e-01
7.875142194294151299e-01
7.473375489285672968e-01
6.236520705074808379e-01
6.314029252701292005e-01
7.225395527047064892e-01
7.811884552524229752e-01
7.893677367282530000e-01
7.966451774541158937e-01
7.849609241308167507e-01
7.472530788510314270e-01
6.597061273378865831e-01
7.913597345907666947e-01
8.512958133931227689e-01
7.987144169783201297e-01
7.897612052866731513e-01
8.240133777880135346e-01
9.115761490575089443e-01
8.248642991075845199e-01
8.135942435423683117e-01
8.304001173689729010e-01
8.214247170870578874e-01
7.908980497698101519e-01
8.339073523669611188e-01
9.202348595777053442e-01
8.893810950358492784e-01
8.571835016351426750e-01
8.455604011401328668e-01
8.221704137335965612e-01
8.560841837500158258e-01
9.212664596251201043e-01
9.383405379433223947e-01
8.343380982639990728e-01
8.209659043174857285e-01
7.960429765471868091e-01
6.483736537089862528e-01
8.558169332117800954e-01
9.204918941051909442e-01
9.506439464754123936e-01
8.789278400539177749e-01
8.529872260019925045e-01
8.418955505808807249e-01
8.235554793981293420e-01
7.955163371635133318e-01
8.763139396507705348e-01
8.658603483232528708e-01
8.480032156326645643e-01
8.203135991795225124e-01
7.794754216996098162e-01
8.724538319420579446e-01
9.226614746181848181e-01
9.701761371758834684e-01
9.259424436389540602e-01
8.700546432770644989e-01
8.675510668127923708e-01
8.594241089254108790e-01
8.462897387502268387e-01
8.259880806883359572e-01
7.958359389006680606e-01
6.385648432942355734e-01
6.102121053602238554e-01
6.923203036531562216e-01
7.499870949929963171e-01
7.597757340068096443e-01
7.673342020123381513e-01
7.581875385219258856e-01
7.090445373783983429e-01
5.753821630847869573e-01
7.525735297818373359e-01
8.359067420696246753e-01
7.615060456904544361e-01
7.413226395210138486e-01
7.863082881737640806e-01
8.882291362410015267e-01
7.893600234390973913e-01
7.733874802088318567e-01
7.914162129244172172e-01
7.711446242284589747e-01
7.291762768114125048e-01
7.967905236626440235e-01
8.977099553025522649e-01
8.840194275118731237e-01
8.197138148298668270e-01
8.033328919550305480e-01
7.752918463859936882e-01
8.209842335027076610e-01
8.953155993432785342e-01
9.232314259536892331e-01
7.993171255501027028e-01
7.813234967888493809e-01
7.518690946288042465e-01
5.686696092951368797e-01
8.205689067917900648e-01
8.944466699966098222e-01
9.352670491386276819e-01
8.780019568362089633e-01
8.202504849251779362e-01
8.084777546498014278e-01
7.896662585159521797e-01
7.587667677190477189e-01
8.408990025841850402e-01
8.296720274409301599e-01
8.112672349224780977e-01
7.806531933356165576e-01
7.317204431000690068e-01
8.396308410843504877e-01
8.953714414819783363e-01
9.489362918744360664e-01
9.146865282522727014e-01
8.715245858575777493e-01
8.374125297738516105e-01
8.308930426051244211e-01
8.196081487502244745e-01
7.996816971581452993e-01
7.666015441091131866e-01
5.722366831403611354e-01
6.023423949723982762e-01
7.694852974619318386e-01
7.578765490087343570e-01
8.280637486325790331e-01
7.726957078830718473e-01
8.125361197682898773e-01
8.892509835593116474e-01
9.407856890834918051e-01
8.607471028811108926e-01
8.545453988824471825e-01
9.376373194759791696e-01
9.581990397616216848e-01
8.970561022574804477e-01
9.317057299738579212e-01
9.567570147182692386e-01
9.650193652357248464e-01
8.203766216962481428e-01
8.301034285780037880e-01
8.203754547552962739e-01
8.931886957380944514e-01
9.252568690936501250e-01
8.404772492113951055e-01
8.467907400075000979e-01
8.475230583266650797e-01
8.375765944545172648e-01
9.045623498916443017e-01
9.266907492696040416e-01
8.990930983737264182e-01
9.658405175928528319e-01
9.717893476237116079e-01
9.659995675853478847e-01
9.455064472318637225e-01
9.173387553832815788e-01
9.393277308715836105e-01
9.241379433150791467e-01
8.116030688135836835e-01
9.752870520958503153e-01
9.768997230674157928e-01
9.711102012875516554e-01
9.576800903422061362e-01
8.656412818372357654e-01
8.629173708738889781e-01
8.533472152213461559e-01
8.366072694182637992e-01
8.116838580472446329e-01
9.224292152736717210e-01
9.389277156417048520e-01
9.505287676060273361e-01
8.707247874287753486e-01
7.803976153266329874e-01
9.794402895164828760e-01
9.794087166335512240e-01
9.741934607011574210e-01
9.632645791467512320e-01
9.456519123454333320e-01
9.163430648549184543e-01
5.707276609792889532e-01
7.353827883079124828e-01
7.147444819301875807e-01
7.946886855203039168e-01
7.323774071044416578e-01
7.819666323754651538e-01
8.564003122532370949e-01
8.426483318436440717e-01
8.191851675642990438e-01
8.252669832466750233e-01
9.067203695873338187e-01
9.384712825260554947e-01
8.578344586877767464e-01
9.017954674888791766e-01
9.277743735045795859e-01
9.456665943346506120e-01
7.698380266062431199e-01
7.894957083235863982e-01
7.919370655530315606e-01
8.536672078441013278e-01
8.952012500561881136e-01
8.234963304359117497e-01
7.987147254813977693e-01
8.082760145679882546e-01
8.084514100830919592e-01
8.669642965730666173e-01
8.973736638008974476e-01
8.799060672027041452e-01
9.379896352264989190e-01
9.538080310965895148e-01
9.589913510016045972e-01
8.636530777487971822e-01
8.810650554702537107e-01
9.114502837868080354e-01
9.061609666001627650e-01
8.049357150044533782e-01
9.499095818664720081e-01
9.598065626884135781e-01
9.630097207794772185e-01
9.596220184890451588e-01
8.207612618085089462e-01
8.256109624734998542e-01
8.244260530746505555e-01
8.172074057515151813e-01
8.033403817755253584e-01
8.885390016240860556e-01
9.122546830384392624e-01
9.316912650694236797e-01
8.615270228704196009e-01
7.802531733352359167e-01
9.568164392815106112e-01
9.636777017199988915e-01
9.658289436982686604e-01
9.630937790851840097e-01
9.548982756988484422e-01
8.453258702786549117e-01
5.280603188441380658e-01
7.203890831013960439e-01
6.910106792211536675e-01
7.769070609641430813e-01
7.076228118391842958e-01
7.634729623688447653e-01
8.803135655398695025e-01
9.476023199669748598e-01
8.358768832761109824e-01
8.419489831777827726e-01
9.310672698515805035e-01
9.667096791496689878e-01
8.750407138168293519e-01
9.200774003041753968e-01
9.522723701667598073e-01
9.728455701040443770e-01
7.785238401623846283e-01
8.009120214786408232e-01
8.061373949698724672e-01
8.699432196798065897e-01
9.124562902757537008e-01
8.395445409333983644e-01
8.074101667135306082e-01
8.188372840558166832e-01
8.209126893304526940e-01
8.829560456541738489e-01
9.139978949332746572e-01
8.962779632942543540e-01
9.621372667461741690e-01
9.805741344501097689e-01
9.882706130180365367e-01
9.803754650653200287e-01
8.975726822301401953e-01
9.286010268843176707e-01
9.232866996150695948e-01
8.197948149359195469e-01
9.739162734169719560e-01
9.856401163857677616e-01
9.905986355572903301e-01
9.891169895832320202e-01
8.293685908431716047e-01
8.354669589303291843e-01
8.355410315131095444e-01
8.298014447191658371e-01
8.178564499380651664e-01
9.046279870429296821e-01
9.287583820803924084e-01
9.485313706292715086e-01
8.771137162061322101e-01
7.944360754308229522e-01
9.805323285455298521e-01
9.886369158227438225e-01
9.919698533434916365e-01
9.904979727768813413e-01
9.837927401158232943e-01
9.648521726144763111e-01
5.600573042125922552e-01
7.196010815890248047e-01
7.052688787755847510e-01
7.784390519991190027e-01
7.234017940812558223e-01
7.688932582463486876e-01
8.359178207918327441e-01
8.495444212259757322e-01
8.057164946684988172e-01
8.141993378589035268e-01
8.858636246010160864e-01
9.293753858432498571e-01
8.445249888467453170e-01
8.907322603086814672e-01
9.096578862779930441e-01
9.377299281941591236e-01
7.641147096314597764e-01
7.967087482820622846e-01
8.135064962846657588e-01
8.406022584713527257e-01
8.844492996145592034e-01
8.163674648537103673e-01
7.936282981222834154e-01
8.141374543488367754e-01
8.261726001483721271e-01
8.571111180436487009e-01
8.896268292514257769e-01
8.747516701737275691e-01
9.173004568026177363e-01
9.433307212611505843e-01
9.597651216338629609e-01
8.930330009465317076e-01
8.684164488995046449e-01
9.008048455817680988e-01
8.980398150290442860e-01
7.992596338064459349e-01
9.323296273623352670e-01
9.507235110184815152e-01
9.630851308588328497e-01
9.696150048684550882e-01
8.164181939462169524e-01
8.302732947817765830e-01
8.386806329690745798e-01
8.417477519866741753e-01
8.389949160659728733e-01
8.793138141771252858e-01
9.047890943403478214e-01
9.261421079401511713e-01
8.584304275583335420e-01
7.794820892272118495e-01
9.426129523482071892e-01
9.564729542647276705e-01
9.660574859459278851e-01
9.715551507016704225e-01
9.727971851949328563e-01
8.916391701301289441e-01
5.366985965033291839e-01
6.845049466319659270e-01
6.839467917917648743e-01
7.443254934614911278e-01
7.026688291511811180e-01
7.381362285322026207e-01
7.898737750013716807e-01
7.356614487186287077e-01
7.749788342339415381e-01
7.844831023988915186e-01
8.411272156768916375e-01
8.897669033329362875e-01
8.135338763598181089e-01
8.600116282001744050e-01
8.669341684281153260e-01
8.998189517679773264e-01
7.502947199419673918e-01
7.903497252264879425e-01
8.156892080477498030e-01
8.129586907832349052e-01
8.573615083541911153e-01
7.932297119878484182e-01
7.805960623790928476e-01
8.075220763279702396e-01
8.266359846260475930e-01
8.324098635117140876e-01
8.657063904819967126e-01
8.529371531710024934e-01
8.753130186532075419e-01
9.063680284893997907e-01
9.287400237041320006e-01
7.876340883987309471e-01
8.411579364853969398e-01
8.742420150566745374e-01
8.732823873285203709e-01
7.780395606687264820e-01
8.930542835387372813e-01
9.160202618931826413e-01
9.335393026506905167e-01
9.461644034946793402e-01
8.043817456221816764e-01
8.238403723192293526e-01
8.382884134619785765e-01
8.482070301427147019e-01
8.535403233938906320e-01
8.553185919424969308e-01
8.815806784381825523e-01
9.039160391411561468e-01
8.393244801156617418e-01
7.636213884151205056e-01
9.064248992274782646e-01
9.243427951117441088e-01
9.383850684212677873e-01
9.488648394047436430e-01
9.557661726366089017e-01
7.954778077237256717e-01
4.753714012087160157e-01
6.626218756322603820e-01
6.176172242115092192e-01
7.188624950793002233e-01
6.373545694711291176e-01
7.109368016346617747e-01
8.235146458087365673e-01
9.112854982162026385e-01
7.639132790155218622e-01
7.800763956968054247e-01
8.758311074731135459e-01
9.263083014680697502e-01
8.051665481526095736e-01
8.565432476713834564e-01
9.010466471359300789e-01
9.349081657813117507e-01
6.909292659986967511e-01
7.260747451809413944e-01
7.474971662079286094e-01
7.996661851161107615e-01
8.487369275399927471e-01
7.902739290598818078e-01
7.220601376679983696e-01
7.453110372318013654e-01
7.612074743663252985e-01
8.166943706243803280e-01
8.542525633036011090e-01
8.464989425430813341e-01
9.102366302981504953e-01
9.422166596842028730e-01
9.651433098802086885e-01
9.805604739814317572e-01
8.307984723763446322e-01
8.683986093842029907e-01
8.723924234234214925e-01
7.830904242952576588e-01
9.269511514073357494e-01
9.503883900319134437e-01
9.681471417682093739e-01
9.808731400607030304e-01
7.474019320331890537e-01
7.639347102553832869e-01
7.757167526028221349e-01
7.832492161875770353e-01
7.865359803647046233e-01
8.426468603527605961e-01
8.729756424718646546e-01
8.996855733938595723e-01
8.397442350308906844e-01
7.680921693946739515e-01
9.390400518460765289e-01
9.571091600914751751e-01
9.711378493261133560e-01
9.814452069880047480e-01
9.880085105241626087e-01
9.907751529202796226e-01
