8.741011470556259155e-02 -1.170197725296020508e-01 2.028474814586045483e+01
9.126172661781311035e-01 1.117039442062377930e+00 2.028474899681611276e+01
9.126170873641967773e-01 1.170556917786598206e-01 2.028474910475745929e+01
9.126182198524475098e-01 1.170565411448478699e-01 2.028474910493894967e+01
5.873593091964721680e-01 6.169759035110473633e-01 2.028474608978098814e+01
9.126180410385131836e-01 6.170553565025329590e-01 2.028474910535599918e+01
8.738184720277786255e-02 8.829438090324401855e-01 2.028474910518770358e+01
8.738211542367935181e-02 3.829449713230133057e-01 2.028474910524058572e+01
8.740062266588211060e-02 3.829478323459625244e-01 2.028474890120319785e+01
4.126173257827758789e-01 8.829514980316162109e-01 2.028474908447917713e+01
8.736798912286758423e-02 8.829559683799743652e-01 2.028474893325925521e+01
8.738303929567337036e-02 3.829767107963562012e-01 2.028474866969587254e+01
4.126190543174743652e-01 3.829258382320404053e-01 2.028474895980912862e+01
9.126180410385131836e-01 1.170559450984001160e-01 2.028474910529536857e+01
4.126113951206207275e-01 3.829318881034851074e-01 2.028474901016058141e+01
1.087344288825988770e+00 8.829576373100280762e-01 2.028474820268486667e+01
9.126179814338684082e-01 1.117055416107177734e+00 2.028474910535680209e+01
4.126051068305969238e-01 3.829468786716461182e-01 2.028474900689398908e+01
5.874060392379760742e-01 6.170524954795837402e-01 2.028474876898248169e+01
4.126179516315460205e-01 8.829444646835327148e-01 2.028474910535700104e+01
5.889403820037841797e-01 1.205778867006301880e-01 2.050263560120490780e+01
4.110593199729919434e-01 8.794461488723754883e-01 2.050263594628568597e+01
8.894073963165283203e-02 3.794511556625366211e-01 2.050263595733326483e+01
9.110591411590576172e-01 1.205401718616485596e-01 2.050263592683587888e+01
5.889412760734558105e-01 1.205487102270126343e-01 2.050263595717817111e+01
5.889507532119750977e-01 1.120525956153869629e+00 2.050263568323124019e+01
1.088919520378112793e+00 3.794508874416351318e-01 2.050263568991120877e+01
5.889412760734558105e-01 6.205483675003051758e-01 2.050263595713032316e+01
9.110494852066040039e-01 6.206077933311462402e-01 2.050263443566796440e+01
1.088938713073730469e+00 8.794511556625366211e-01 2.050263595486845247e+01
4.110580980777740479e-01 -1.205484271049499512e-01 2.050263595652602078e+01
9.110593199729919434e-01 6.205545663833618164e-01 2.050263594299555336e+01
8.893206715583801270e-02 8.794512152671813965e-01 2.050263591259571783e+01
4.110595285892486572e-01 8.794521093368530273e-01 2.050263595701069264e+01
-8.894024044275283813e-02 1.205556467175483704e-01 2.050263593708680787e+01
9.110166430473327637e-01 6.205474734306335449e-01 2.050263488060467409e+01
9.110524654388427734e-01 1.205485239624977112e-01 2.050263593005256268e+01
4.110580682754516602e-01 3.794600665569305420e-01 2.050263592436686366e+01
4.110579788684844971e-01 8.794453740119934082e-01 2.050263594168612613e+01
8.896161615848541260e-02 3.794526159763336182e-01 2.050263569864146973e+01
9.059779047966003418e-01 1.224231198430061340e-01 1.806639840002924302e+01
9.059437513351440430e-01 1.224258616566658020e-01 1.806639766291176130e+01
9.059832692146301270e-01 1.224668920040130615e-01 1.806639774259467046e+01
9.059837460517883301e-01 6.224615573883056641e-01 1.806639790176637206e+01
9.059304594993591309e-01 6.224253177642822266e-01 1.806639708998055482e+01
1.094014406204223633e+00 3.776002228260040283e-01 1.806639819799710978e+01
4.119445979595184326e-01 8.782794475555419922e-01 1.715624267614482079e+01
9.410225600004196167e-02 3.776217699050903320e-01 1.806639415815777738e+01
5.880876183509826660e-01 1.121685147285461426e+00 1.715624274044724018e+01
5.880883932113647461e-01 6.217651367187500000e-01 1.715624253583936820e+01
5.880872607231140137e-01 6.217195987701416016e-01 1.715624312445128652e+01
5.880938172340393066e-01 1.217316910624504089e-01 1.715624307598521625e+01
9.401550889015197754e-02 8.775687813758850098e-01 1.806639840271694553e+01
5.878729820251464844e-01 6.217744350433349609e-01 1.715622261851594033e+01
9.059838652610778809e-01 1.224570423364639282e-01 1.806639801976205817e+01
5.880881547927856445e-01 1.217394694685935974e-01 1.715624302128206580e+01
4.119119942188262939e-01 3.782788217067718506e-01 1.715624312514310645e+01
1.094012141227722168e+00 8.775757551193237305e-01 1.806639841608297203e+01
-9.401506930589675903e-02 6.224241852760314941e-01 1.806639842086861591e+01
9.059846401214599609e-01 1.122418284416198730e+00 1.806639840775783412e+01
9.067304730415344238e-01 6.187424659729003906e-01 1.786002613971518116e+01
5.884770750999450684e-01 6.207385063171386719e-01 1.711486057056675492e+01
1.093284130096435547e+00 3.812574744224548340e-01 1.786002647450698433e+01
9.330679476261138916e-02 8.813123106956481934e-01 1.786002551047698006e+01
9.313833713531494141e-02 3.811910748481750488e-01 1.786001345380654470e+01
5.884789228439331055e-01 6.208395957946777344e-01 1.711486253110691891e+01
5.884764194488525391e-01 1.208205223083496094e-01 1.711486263000230323e+01
4.115211367607116699e-01 3.791702687740325928e-01 1.711486261083516069e+01
9.066956639289855957e-01 1.187315508723258972e-01 1.786002659733989972e+01
5.884793996810913086e-01 6.208555102348327637e-01 1.711486227893577450e+01
4.115020334720611572e-01 3.792048096656799316e-01 1.711486227360886758e+01
9.066842198371887207e-01 1.187842637300491333e-01 1.786002594380409647e+01
5.884789824485778809e-01 1.208154410123825073e-01 1.711486262235171907e+01
1.093265056610107422e+00 3.812575042247772217e-01 1.786002600157137365e+01
4.115008413791656494e-01 3.792031705379486084e-01 1.711486227936628168e+01
9.327549487352371216e-02 3.812479376792907715e-01 1.786002626437089091e+01
9.066963195800781250e-01 6.187439560890197754e-01 1.786002664293571129e+01
-9.329631924629211426e-02 6.184330582618713379e-01 1.785999080843208731e+01
5.884791016578674316e-01 1.208405345678329468e-01 1.711486252047339818e+01
4.114840328693389893e-01 3.791715204715728760e-01 1.711486205708575881e+01
8.713156729936599731e-02 8.838310837745666504e-01 2.086423594102124213e+01
9.128684401512145996e-01 1.161695271730422974e-01 2.086423594117839286e+01
5.906985998153686523e-01 6.276953220367431641e-01 1.915484441661077852e+01
5.907107591629028320e-01 6.277168989181518555e-01 1.915484447562063153e+01
8.714461326599121094e-02 3.838063776493072510e-01 2.086423558235697229e+01
8.713115751743316650e-02 8.838201165199279785e-01 2.086423589481665175e+01
4.093016982078552246e-01 3.723205029964447021e-01 1.915484419175954045e+01
4.093017876148223877e-01 -1.276714801788330078e-01 1.915484403183569029e+01
8.713052421808242798e-02 8.837980031967163086e-01 2.086423548597113964e+01
8.713155239820480347e-02 8.838305473327636719e-01 2.086423594117652414e+01
5.906340479850769043e-01 6.277149915695190430e-01 1.915484289782821747e+01
8.713226765394210815e-02 3.838551640510559082e-01 2.086423567823193181e+01
4.093010723590850830e-01 3.722868263721466064e-01 1.915484452550452588e+01
4.093277454376220703e-01 8.722636699676513672e-01 1.915484415479576796e+01
-8.713052421808242798e-02 1.161755248904228210e-01 2.086423592516749892e+01
9.128683805465698242e-01 1.161695122718811035e-01 2.086423594117569635e+01
4.093007147312164307e-01 3.722663819789886475e-01 1.915484446170007971e+01
5.906909108161926270e-01 6.277165412902832031e-01 1.915484450346678003e+01
9.128748774528503418e-01 1.161697879433631897e-01 2.086423591722061488e+01
4.093160331249237061e-01 3.722636103630065918e-01 1.915484434633111732e+01
4.122488200664520264e-01 -1.191993653774261475e-01 1.883551662985767194e+01
8.710754662752151489e-02 -1.160717010498046875e-01 2.085865263675798431e+01
8.709153532981872559e-02 3.839201629161834717e-01 2.085865300670781508e+01
9.129215478897094727e-01 6.160804629325866699e-01 2.085865306807842501e+01
8.709310740232467651e-02 3.839408457279205322e-01 2.085865279881092604e+01
8.709497749805450439e-02 8.839206099510192871e-01 2.085865295765225014e+01
8.708382397890090942e-02 -1.160655990242958069e-01 2.085865297357086234e+01
9.129188656806945801e-01 6.161250472068786621e-01 2.085865220981176904e+01
5.877373218536376953e-01 6.191766858100891113e-01 1.883551614281247311e+01
4.122568070888519287e-01 3.807618618011474609e-01 1.883551705955652267e+01
9.129201173782348633e-01 1.161101162433624268e-01 2.085865269013655876e+01
9.129183292388916016e-01 1.160613000392913818e-01 2.085865291435308677e+01
8.713712543249130249e-02 3.839260041713714600e-01 2.085865124153027850e+01
4.122623205184936523e-01 3.808231353759765625e-01 1.883551614809839592e+01
4.122662842273712158e-01 3.807012736797332764e-01 1.883551621645833052e+01
5.877024531364440918e-01 6.192495226860046387e-01 1.883551668766957476e+01
8.711647987365722656e-02 3.839228451251983643e-01 2.085865234084943509e+01
8.707757294178009033e-02 3.839203417301177979e-01 2.085865306481379733e+01
5.877354741096496582e-01 1.192208155989646912e-01 1.883551699850550420e+01
4.122640490531921387e-01 8.807463049888610840e-01 1.883551702559413954e+01
9.185512065887451172e-01 6.203190684318542480e-01 2.398091686397549438e+01
9.186072349548339844e-01 6.202799677848815918e-01 2.398091640433739968e+01
5.941559076309204102e-01 6.251664757728576660e-01 2.050384100683109878e+01
4.057766795158386230e-01 3.747480511665344238e-01 2.050384359295241765e+01
4.057766199111938477e-01 3.747023642063140869e-01 2.050384345975697187e+01
9.185631275177001953e-01 6.203190088272094727e-01 2.398091733820909610e+01
5.942233204841613770e-01 6.251823902130126953e-01 2.050384253164173742e+01
5.942233204841613770e-01 1.125263333320617676e+00 2.050384362134298755e+01
5.942233204841613770e-01 1.125261902809143066e+00 2.050384362002099081e+01
4.057766199111938477e-01 3.747094571590423584e-01 2.050384352360270412e+01
5.942147374153137207e-01 6.252655386924743652e-01 2.050384360476376244e+01
9.185659289360046387e-01 1.120319008827209473e+00 2.398091741714939928e+01
9.185832142829895020e-01 6.203742027282714844e-01 2.398091626678515098e+01
8.142544329166412354e-02 8.796803951263427734e-01 2.398091758270121332e+01
9.185823202133178711e-01 6.203178167343139648e-01 2.398091762961151119e+01
8.145805448293685913e-02 3.796811103820800781e-01 2.398091634092129709e+01
8.141765743494033813e-02 8.796854019165039062e-01 2.398091761920957765e+01
8.143398165702819824e-02 3.796809315681457520e-01 2.398091741948853084e+01
5.942233204841613770e-01 6.252655982971191406e-01 2.050384362211624634e+01
4.058727622032165527e-01 8.746690154075622559e-01 2.050384076867179672e+01
8.134306967258453369e-02 -1.182010918855667114e-01 2.383842725393430584e+01
8.134120702743530273e-02 3.817698955535888672e-01 2.383842766024653059e+01
-8.133426308631896973e-02 1.182321384549140930e-01 2.383842766694790427e+01
5.941507816314697266e-01 1.171594262123107910e-01 2.030799033525720887e+01
5.941522121429443359e-01 1.171601042151451111e-01 2.030799032073580079e+01
9.186210632324218750e-01 1.182285025715827942e-01 2.383842635598277937e+01
8.133693039417266846e-02 3.817814886569976807e-01 2.383842760899563373e+01
4.058508276939392090e-01 3.828408718109130859e-01 2.030799034092670041e+01
-8.133695274591445923e-02 6.182286739349365234e-01 2.383842767243081795e+01
1.081327199935913086e+00 8.817273974418640137e-01 2.383842678750330890e+01
5.941928625106811523e-01 1.170939281582832336e-01 2.030799068197714519e+01
8.135490864515304565e-02 3.817701041698455811e-01 2.383842743288716193e+01
8.133677393198013306e-02 8.817560076713562012e-01 2.383842758825253583e+01
8.133658021688461304e-02 8.817613124847412109e-01 2.383842764180705842e+01
1.081330776214599609e+00 8.817694783210754395e-01 2.383842764516689527e+01
9.186545014381408691e-01 1.182301640510559082e-01 2.383842761923640552e+01
8.136030286550521851e-02 3.817705214023590088e-01 2.383842726628383346e+01
8.133699744939804077e-02 3.817719519138336182e-01 2.383842767127456597e+01
1.081337094306945801e+00 3.817741572856903076e-01 2.383842766431789784e+01
9.186411499977111816e-01 6.182019710540771484e-01 2.383842695406613643e+01
9.150130748748779297e-01 6.199310421943664551e-01 2.222138243199250240e+01
9.149897694587707520e-01 1.199308186769485474e-01 2.222138203426435155e+01
8.498775213956832886e-02 3.800689280033111572e-01 2.222138243061880303e+01
9.150131344795227051e-01 6.199310421943664551e-01 2.222138243205526464e+01
9.150130748748779297e-01 6.199310421943664551e-01 2.222138243199250240e+01
8.498615026473999023e-02 3.800657689571380615e-01 2.222138242800800612e+01
9.150074720382690430e-01 1.119930982589721680e+00 2.222138240434813383e+01
9.150074720382690430e-01 1.119930863380432129e+00 2.222138240434060563e+01
9.150137901306152344e-01 6.199315786361694336e-01 2.222138243230671861e+01
9.150131940841674805e-01 6.199310421943664551e-01 2.222138243211315611e+01
8.498608320951461792e-02 8.800639510154724121e-01 2.222138242148254506e+01
8.498616516590118408e-02 3.800354301929473877e-01 2.222138193808862638e+01
9.150131940841674805e-01 6.199310421943664551e-01 2.222138243211315611e+01
9.150143265724182129e-01 6.199648976325988770e-01 2.222138192838392357e+01
8.499356359243392944e-02 8.800690770149230957e-01 2.222138239452490183e+01
8.498635143041610718e-02 3.800688982009887695e-01 2.222138243239379207e+01
8.498628437519073486e-02 3.800688982009887695e-01 2.222138243241135314e+01
8.503797650337219238e-02 3.800698816776275635e-01 2.222138059012822353e+01
8.498620986938476562e-02 3.800462186336517334e-01 2.222138220515498119e+01
8.431538939476013184e-02 3.800691366195678711e-01 2.222107322743269719e+01
8.500514924526214600e-02 3.824267089366912842e-01 2.206849586215714254e+01
8.498972654342651367e-02 8.824053406715393066e-01 2.206849581142346750e+01
9.150092005729675293e-01 6.175137758255004883e-01 2.206849443456241033e+01
8.502051979303359985e-02 8.824268579483032227e-01 2.206849541283956739e+01
9.150130152702331543e-01 1.175735294818878174e-01 2.206849600305696057e+01
9.149857759475708008e-01 6.175726056098937988e-01 2.206849563327963182e+01
8.500351011753082275e-02 3.824267089366912842e-01 2.206849589221824459e+01
8.499376475811004639e-02 3.824664950370788574e-01 2.206849529520473041e+01
9.150062799453735352e-01 1.175748482346534729e-01 2.206849599927090111e+01
9.150104522705078125e-01 6.176320910453796387e-01 2.206849449425661192e+01
8.499047905206680298e-02 3.824706077575683594e-01 2.206849515022472730e+01
8.501992374658584595e-02 8.822853565216064453e-01 2.206848660562364728e+01
8.499234914779663086e-02 3.824265599250793457e-01 2.206849600542326328e+01
9.150092601776123047e-01 6.175733804702758789e-01 2.206849600857858462e+01
8.498997986316680908e-02 3.824555277824401855e-01 2.206849563694417071e+01
9.150047898292541504e-01 1.175734177231788635e-01 2.206849599161306941e+01
8.492742478847503662e-02 3.824883699417114258e-01 2.206849177349983648e+01
8.499269187450408936e-02 8.823788166046142578e-01 2.206849499989113639e+01
9.150100350379943848e-01 1.175812482833862305e-01 2.206849598246105870e+01
9.149775505065917969e-01 6.175703406333923340e-01 2.206849533153501852e+01
5.381870865821838379e-01 3.808723092079162598e-01 2.114856220710966284e+01
4.619367420673370361e-01 1.191546916961669922e-01 2.114856405513936011e+01
9.226756691932678223e-01 1.180057451128959656e-01 2.678067608393205390e+01
9.226471781730651855e-01 6.180050969123840332e-01 2.678067535305681801e+01
7.177854776382446289e-01 3.789710998535156250e-01 2.114783175478538979e+01
9.226552844047546387e-01 1.180043742060661316e-01 2.678067571016507742e+01
9.226755499839782715e-01 6.180113554000854492e-01 2.678067606539713097e+01
9.226727485656738281e-01 1.118000268936157227e+00 2.678067606448626137e+01
9.226722717285156250e-01 6.180232763290405273e-01 2.678067590938395170e+01
5.380657911300659180e-01 3.808741569519042969e-01 2.114856406613708018e+01
6.280896067619323730e-01 1.165594905614852905e-01 2.121948377989916423e+01
3.718962073326110840e-01 8.834865093231201172e-01 2.121948374843533713e+01
7.732018083333969116e-02 8.819957971572875977e-01 2.678067606766018471e+01
7.721007615327835083e-02 3.815527856349945068e-01 2.678056812510731532e+01
7.732422649860382080e-02 3.819885849952697754e-01 2.678067606506754217e+01
9.226736426353454590e-01 1.180051788687705994e-01 2.678067608043070180e+01
9.226714968681335449e-01 1.180051192641258240e-01 2.678067606852296834e+01
3.718958199024200439e-01 8.833196759223937988e-01 2.121948352589206266e+01
6.281484365463256836e-01 1.116552948951721191e+00 2.121948350414605500e+01
7.732485979795455933e-02 3.820221126079559326e-01 2.678067570953442100e+01
-7.772380113601684570e-02 1.166040077805519104e-01 2.667993218972137370e+01
7.710787653923034668e-02 3.833999037742614746e-01 2.667957043300231135e+01
9.222137331962585449e-01 6.166045069694519043e-01 2.667993263076063570e+01
5.440892577171325684e-01 3.646739721298217773e-01 2.117985451751460957e+01
3.775032162666320801e-01 3.579784631729125977e-01 2.129806230395318778e+01
9.222400188446044922e-01 1.116548180580139160e+00 2.667993181242613332e+01
2.820582389831542969e-01 6.209058165550231934e-01 2.114695684645383977e+01
6.224752068519592285e-01 6.420090198516845703e-01 2.129806228311414529e+01
4.555502533912658691e-01 1.343568712472915649e-01 2.117982592031733091e+01
3.774820864200592041e-01 3.582509756088256836e-01 2.129806222659546577e+01
4.559219777584075928e-01 6.350418925285339355e-01 2.117985452850274797e+01
7.775930315256118774e-02 3.834020793437957764e-01 2.667993325172118801e+01
9.222319126129150391e-01 6.166017055511474609e-01 2.667993319252399331e+01
5.440762042999267578e-01 3.648263812065124512e-01 2.117985477707431130e+01
5.440605282783508301e-01 3.650377988815307617e-01 2.117985419243612810e+01
9.221977591514587402e-01 1.166128739714622498e-01 2.667993161173744099e+01
4.559347033500671387e-01 6.350235342979431152e-01 2.117985447486162087e+01
9.222622513771057129e-01 6.166026592254638672e-01 2.667993286701486966e+01
7.775863260030746460e-02 3.833532333374023438e-01 2.667993225174429028e+01
9.222348332405090332e-01 1.166015714406967163e-01 2.667993322944151657e+01
4.227862656116485596e-01 1.296895444393157959e-01 1.989299090571948980e+01
9.164245128631591797e-01 1.120795011520385742e+00 2.345768101224793156e+01
8.357150852680206299e-02 3.792049288749694824e-01 2.345768105551874783e+01
4.227916598320007324e-01 1.296933740377426147e-01 1.989299088868867926e+01
8.356639742851257324e-02 3.791606724262237549e-01 2.345768018309838254e+01
4.227882921695709229e-01 1.296965777873992920e-01 1.989299087684358369e+01
8.356661349534988403e-02 8.792049288749694824e-01 2.345768107617301013e+01
5.772108435630798340e-01 3.703850805759429932e-01 1.989299037238623669e+01
4.227876067161560059e-01 6.296233534812927246e-01 1.989299051093525961e+01
9.164336919784545898e-01 1.207949668169021606e-01 2.345768107627021593e+01
4.227895736694335938e-01 1.295948922634124756e-01 1.989298996118992235e+01
8.357875049114227295e-02 3.792048990726470947e-01 2.345768095902975503e+01
9.164336919784545898e-01 1.207956820726394653e-01 2.345768107607158015e+01
5.768193602561950684e-01 8.703283667564392090e-01 1.989293446728933290e+01
9.164304733276367188e-01 6.207949519157409668e-01 2.345768106820987953e+01
4.232949912548065186e-01 6.296983361244201660e-01 1.989289656546491614e+01
4.227887392044067383e-01 1.296660304069519043e-01 1.989299090850401441e+01
9.164336919784545898e-01 1.208213493227958679e-01 2.345768076086622145e+01
5.772110223770141602e-01 3.703610301017761230e-01 1.989299071651737094e+01
9.164266586303710938e-01 1.120795011520385742e+00 2.345768103853514219e+01
9.175938963890075684e-01 1.117805957794189453e+00 2.325716641922607764e+01
5.777269005775451660e-01 3.719403445720672607e-01 1.985448886526415535e+01
1.082404375076293945e+00 3.821266591548919678e-01 2.325716617434716227e+01
-8.237556368112564087e-02 1.178369447588920593e-01 2.325716617531528385e+01
8.240541815757751465e-02 8.821598887443542480e-01 2.325716681267792652e+01
9.175943732261657715e-01 1.178666129708290100e-01 2.325716638481974741e+01
5.777267217636108398e-01 8.719404935836791992e-01 1.985448886524974554e+01
8.238777518272399902e-02 8.821603059768676758e-01 2.325716658917522395e+01
4.222760200500488281e-01 1.280593425035476685e-01 1.985448886225081822e+01
4.222732484340667725e-01 1.128051161766052246e+00 1.985448885535052099e+01
4.222731888294219971e-01 1.280601769685745239e-01 1.985448886520422107e+01
8.240711688995361328e-02 8.820534348487854004e-01 2.325716120675260967e+01
8.237652480602264404e-02 3.821272850036621094e-01 2.325716561318015607e+01
8.240549266338348389e-02 8.821668028831481934e-01 2.325716681889776538e+01
9.175922274589538574e-01 6.178426146507263184e-01 2.325716679561826794e+01
8.240629732608795166e-02 -1.178192347288131714e-01 2.325716669834636718e+01
8.240549266338348389e-02 8.821668028831481934e-01 2.325716681889776538e+01
8.244298398494720459e-02 3.821654915809631348e-01 2.325716580922168930e+01
9.175937175750732422e-01 1.117801308631896973e+00 2.325716628338536651e+01
4.222730100154876709e-01 6.280617117881774902e-01 1.985448886460729412e+01
8.069731295108795166e-02 3.853196799755096436e-01 2.291554565348485539e+01
9.193030595779418945e-01 6.146236658096313477e-01 2.291554430497217965e+01
5.784502029418945312e-01 -1.163691878318786621e-01 2.046024142950459179e+01
8.069752901792526245e-02 -1.146735325455665588e-01 2.291554564285479856e+01
5.784159302711486816e-01 3.836269676685333252e-01 2.046024101115352423e+01
5.784505605697631836e-01 3.836430013179779053e-01 2.046024138453359242e+01
5.784490704536437988e-01 8.836283087730407715e-01 2.046024143035641174e+01
5.785205364227294922e-01 3.831040263175964355e-01 2.046017919061285539e+01
8.069732040166854858e-02 3.853230476379394531e-01 2.291554565335218996e+01
9.192931056022644043e-01 1.146785244345664978e-01 2.291554559548853831e+01
8.067946135997772217e-02 3.853204846382141113e-01 2.291554545184835590e+01
5.784484148025512695e-01 3.835593760013580322e-01 2.046024039267155459e+01
9.193018674850463867e-01 6.146433353424072266e-01 2.291554509798987738e+01
8.069738000631332397e-02 3.853260278701782227e-01 2.291554564480268041e+01
9.193029999732971191e-01 6.146991848945617676e-01 2.291554546736666609e+01
9.193044900894165039e-01 6.147273778915405273e-01 2.291554459760064333e+01
9.192734956741333008e-01 1.146712899208068848e-01 2.291554508887237418e+01
8.073633909225463867e-02 3.853237032890319824e-01 2.291554467840017040e+01
8.069595694541931152e-02 3.852589428424835205e-01 2.291554392109402372e+01
9.193016290664672852e-01 1.146542504429817200e-01 2.291554538846186517e+01
8.144145458936691284e-02 3.827026188373565674e-01 2.307986788973164138e+01
5.793687105178833008e-01 3.815489113330841064e-01 2.052628425792601163e+01
4.206198751926422119e-01 6.184488534927368164e-01 2.052628421092070354e+01
9.185581207275390625e-01 6.172937750816345215e-01 2.307986798541426765e+01
8.144172281026840210e-02 3.827478289604187012e-01 2.307986825470668535e+01
9.185580611228942871e-01 1.117265582084655762e+00 2.307986833583138875e+01
5.793687701225280762e-01 8.815537691116333008e-01 2.052628425712374494e+01
8.146681636571884155e-02 8.824349045753479004e-01 2.307982803768485525e+01
9.185585379600524902e-01 6.172600984573364258e-01 2.307986832193821058e+01
8.144172281026840210e-02 8.827342391014099121e-01 2.307986833586873843e+01
4.206434190273284912e-01 6.184083819389343262e-01 2.052628384240580317e+01
9.185394644737243652e-01 6.172655224800109863e-01 2.307986809837667153e+01
8.061677962541580200e-02 3.827369213104248047e-01 2.307941030506984248e+01
9.185579419136047363e-01 1.117255687713623047e+00 2.307986829138867080e+01
8.144157379865646362e-02 3.827293813228607178e-01 2.307986832506736263e+01
4.206312000751495361e-01 6.184459924697875977e-01 2.052628425681988134e+01
9.185512661933898926e-01 1.172730848193168640e-01 2.307986827812343122e+01
8.143872022628784180e-02 8.827342391014099121e-01 2.307986832987636205e+01
8.148652315139770508e-02 3.827348053455352783e-01 2.307986699021778776e+01
9.185574650764465332e-01 6.172719001770019531e-01 2.307986831823891194e+01
4.223571121692657471e-01 6.132196187973022461e-01 2.031530637940744555e+01
8.710005879402160645e-02 3.849318325519561768e-01 2.181286184011257490e+01
8.710087090730667114e-02 3.848961591720581055e-01 2.181286191429720134e+01
5.776427388191223145e-01 3.868788778781890869e-01 2.031530692319852704e+01
5.776429176330566406e-01 8.868385553359985352e-01 2.031530742145979218e+01
4.223571717739105225e-01 1.131705194711685181e-01 2.031530739583997303e+01
9.129207134246826172e-01 1.151183545589447021e-01 2.181286136318815494e+01
5.776419043540954590e-01 8.868368864059448242e-01 2.031530742015995727e+01
-8.710075914859771729e-02 6.150883436203002930e-01 2.181286201761998456e+01
5.776428580284118652e-01 8.867892622947692871e-01 2.031530667302824966e+01
4.223459661006927490e-01 6.131614446640014648e-01 2.031530736307257357e+01
5.776391625404357910e-01 3.868386149406433105e-01 2.031530741525295269e+01
9.128991961479187012e-01 6.151071190834045410e-01 2.181286186568570074e+01
4.223216176033020020e-01 6.131939888000488281e-01 2.031530650826526951e+01
8.712640404701232910e-02 8.848890662193298340e-01 2.181286147872600623e+01
8.713659644126892090e-02 3.849095106124877930e-01 2.181286135374692492e+01
8.714070171117782593e-02 3.849053084850311279e-01 2.181286118351169989e+01
9.129065275192260742e-01 6.150882244110107422e-01 2.181286198937974063e+01
5.776429176330566406e-01 3.868303000926971436e-01 2.031530740022932235e+01
4.223572611808776855e-01 1.131613925099372864e-01 2.031530742146212276e+01
5.770363211631774902e-01 3.800978958606719971e-01 2.061000628715289906e+01
5.770624279975891113e-01 8.800985217094421387e-01 2.061000551354957366e+01
4.229763746261596680e-01 1.199023053050041199e-01 2.061000638273432628e+01
9.156420826911926270e-01 1.175344735383987427e-01 2.196574468687206405e+01
4.229767918586730957e-01 6.199178695678710938e-01 2.061000630909125064e+01
4.229974448680877686e-01 6.199027299880981445e-01 2.061000613598287856e+01
5.770215392112731934e-01 3.800976276397705078e-01 2.061000638087070058e+01
5.770232081413269043e-01 8.800976872444152832e-01 2.061000638275840657e+01
9.154875874519348145e-01 1.170721948146820068e-01 2.196564317821363232e+01
4.229757189750671387e-01 6.199018955230712891e-01 2.061000638224600223e+01
4.229717850685119629e-01 1.198941096663475037e-01 2.061000634925639119e+01
5.767481923103332520e-01 8.801457285881042480e-01 2.060996234906189528e+01
4.229576289653778076e-01 1.199016869068145752e-01 2.061000617696591064e+01
9.156419038772583008e-01 6.175216436386108398e-01 2.196574473500959712e+01
4.229865670204162598e-01 1.119902372360229492e+00 2.061000632655008502e+01
4.229819476604461670e-01 6.199024319648742676e-01 2.061000636668384089e+01
4.229717850685119629e-01 1.199022158980369568e-01 2.061000636937704655e+01
9.156419038772583008e-01 1.175237521529197693e-01 2.196574473687561024e+01
9.156420230865478516e-01 1.175252646207809448e-01 2.196574473585069143e+01
9.156419038772583008e-01 1.175222843885421753e-01 2.196574473598356292e+01
-7.438158243894577026e-02 1.108073070645332336e-01 2.679304102836423240e+01
7.442948222160339355e-02 8.891065120697021484e-01 2.679303861296982703e+01
5.715093016624450684e-01 8.882676362991333008e-01 2.594069748647000040e+01
4.284893870353698730e-01 1.117552667856216431e-01 2.594069770833995392e+01
5.715121030807495117e-01 3.882454931735992432e-01 2.594069770423222465e+01
7.442834973335266113e-02 -1.107971146702766418e-01 2.679304274378606010e+01
5.715109705924987793e-01 -1.117332428693771362e-01 2.594069750419175335e+01
7.445700466632843018e-02 3.892013430595397949e-01 2.679304207313002451e+01
7.443299889564514160e-02 3.891975283622741699e-01 2.679304274154350196e+01
9.255678653717041016e-01 1.108871996402740479e-01 2.679303914115216401e+01
5.715093016624450684e-01 8.882405757904052734e-01 2.594069770213445381e+01
7.443464547395706177e-02 3.892102241516113281e-01 2.679304264011251391e+01
9.255722165107727051e-01 6.107931137084960938e-01 2.679304271059642062e+01
4.284928739070892334e-01 6.118031740188598633e-01 2.594069675096669059e+01
7.443400472402572632e-02 8.891972899436950684e-01 2.679304273246048496e+01
4.284891188144683838e-01 1.111739754676818848e+00 2.594069760690231163e+01
7.444420456886291504e-02 8.889231681823730469e-01 2.679300418810815643e+01
7.442835718393325806e-02 3.891463577747344971e-01 2.679304147078156007e+01
9.255721569061279297e-01 1.108032837510108948e-01 2.679304276289154174e+01
9.255211353302001953e-01 6.108020544052124023e-01 2.679304065623550457e+01
5.727366209030151367e-01 3.853476047515869141e-01 2.611137295289523408e+01
9.232970476150512695e-01 1.162515431642532349e-01 2.718333136789890148e+01
4.272447824478149414e-01 6.146500706672668457e-01 2.611137272319480473e+01
-7.662782818078994751e-02 1.162841841578483582e-01 2.718333640585723998e+01
5.727378726005554199e-01 3.853457868099212646e-01 2.611137295289882587e+01
9.232767224311828613e-01 1.157063022255897522e-01 2.718314690290874935e+01
4.272620081901550293e-01 1.146510019898414612e-01 2.611137295363738176e+01
4.272620081901550293e-01 6.146540641784667969e-01 2.611137295312957107e+01
4.272618591785430908e-01 1.146523207426071167e-01 2.611137295436611794e+01
7.666490226984024048e-02 8.836883306503295898e-01 2.718333618280817632e+01
7.664932310581207275e-02 3.834718167781829834e-01 2.718331294129758646e+01
9.233558177947998047e-01 1.163108944892883301e-01 2.718333680618662029e+01
5.727378726005554199e-01 -1.146521568298339844e-01 2.611137295435337791e+01
4.272620081901550293e-01 6.146512627601623535e-01 2.611137295389974611e+01
7.663712650537490845e-02 3.836808204650878906e-01 2.718333681506897648e+01
4.272620081901550293e-01 6.146522164344787598e-01 2.611137295437474393e+01
5.727362036705017090e-01 8.853475451469421387e-01 2.611137295186266627e+01
-7.663283497095108032e-02 6.163111329078674316e-01 2.718333683190990158e+01
4.272426962852478027e-01 6.146509051322937012e-01 2.611137266489880915e+01
5.727382302284240723e-01 3.853579461574554443e-01 2.611137291020305895e+01
9.250094294548034668e-01 6.155253648757934570e-01 2.766213945616652126e+01
5.749897360801696777e-01 3.844504356384277344e-01 2.766213915754444130e+01
5.750289559364318848e-01 8.844752907752990723e-01 2.766213812605251476e+01
9.250097870826721191e-01 1.155298426747322083e-01 2.766213944574913342e+01
7.499068230390548706e-02 -1.155036389827728271e-01 2.766213921825120892e+01
5.749905109405517578e-01 8.844727873802185059e-01 2.766213945432710375e+01
7.498898357152938843e-02 8.844197988510131836e-01 2.766213792717204001e+01
5.750448703765869141e-01 8.844800591468811035e-01 2.766213679570923034e+01
4.250022470951080322e-01 6.155248880386352539e-01 2.766213940710515828e+01
9.250094294548034668e-01 6.155142188072204590e-01 2.766213939393492893e+01
5.749920010566711426e-01 3.844830691814422607e-01 2.766213941853183300e+01
7.499070465564727783e-02 3.844747245311737061e-01 2.766213945609634095e+01
9.250095486640930176e-01 6.155409216880798340e-01 2.766213933235661315e+01
4.250095188617706299e-01 6.155252456665039062e-01 2.766213945619826120e+01
4.250095486640930176e-01 6.155552864074707031e-01 2.766213899994339442e+01
5.749915838241577148e-01 3.844811618328094482e-01 2.766213943383127472e+01
5.749902129173278809e-01 3.844700455665588379e-01 2.766213944522798585e+01
9.249923825263977051e-01 6.155758500099182129e-01 2.766213787298815774e+01
9.250106215476989746e-01 1.155810132622718811e-01 2.766213788192242262e+01
7.499053329229354858e-02 8.844746351242065430e-01 2.766213945618103764e+01
7.514164596796035767e-02 8.819512128829956055e-01 2.784521270406440507e+01
4.248653054237365723e-01 6.180409193038940430e-01 2.784521268864574850e+01
9.248520135879516602e-01 1.180405542254447937e-01 2.784521269959034839e+01
4.248584508895874023e-01 1.179268211126327515e-01 2.784520616800813286e+01
7.511691004037857056e-02 8.819580674171447754e-01 2.784521214650878917e+01
5.751770734786987305e-01 3.819608986377716064e-01 2.784521154739584503e+01
7.514172792434692383e-02 8.819565773010253906e-01 2.784521273291625576e+01
4.248582422733306885e-01 1.180407777428627014e-01 2.784521273643040118e+01
5.751488208770751953e-01 3.819594085216522217e-01 2.784521268903871061e+01
7.516500353813171387e-02 3.819598555564880371e-01 2.784521222166369370e+01
7.515265792608261108e-02 3.821013867855072021e-01 2.784520243125633954e+01
7.514180988073348999e-02 3.819591403007507324e-01 2.784521273642651806e+01
9.248576760292053223e-01 6.180408000946044922e-01 2.784521273614000592e+01
1.075130701065063477e+00 3.819589912891387939e-01 2.784521261950613891e+01
7.514876127243041992e-02 3.819594085216522217e-01 2.784521268983672115e+01
1.075140953063964844e+00 3.819591701030731201e-01 2.784521273579009559e+01
9.248281717300415039e-01 6.181100606918334961e-01 2.784520940835435709e+01
7.514181733131408691e-02 8.819410800933837891e-01 2.784521257013009077e+01
5.751415491104125977e-01 8.820102810859680176e-01 2.784521141739589112e+01
7.514180988073348999e-02 3.819600939750671387e-01 2.784521273603804659e+01