[[0.2500024437904358, 0.8750000596046448, 1.0000001788139343],
 [0.166666641831398, 0.37502503395080566, 0.8247596323490143],
 [0.6520434021949768, 0.12500910460948944, 0.7721655964851379],
 [0.7499753832817078, 0.1249999925494194, 0.7500000894069672],
 [0.7500015497207642, 0.1249999925494194, 0.7500000894069672],
 [0.24995003640651703, -0.1249999925494194, 0.7500000596046448],
 [0.3749999403953552, 0.6249989867210388, 0.7500000894069672],
 [0.5979562401771545, 0.4020429253578186, 0.6666667461395264],
 [-0.11072701960802078, 0.1249999925494194, 0.7174048572778702],
 [0.3442400097846985, 0.2110697478055954, 0.7049064934253693],
 [0.60235196352005, 0.8749914169311523, 0.6968001574277878],
 [0.4088258743286133, 0.6042372584342957, 0.649228572845459],
 [0.09668959677219391, 0.8750011920928955, 0.6820306926965714],
 [0.9103915095329285, 0.6064159870147705, 0.6430598348379135],
 [0.4073815643787384, 0.6250001192092896, 0.6707033067941666],
 [0.5890083312988281, 0.39171192049980164, 0.6379730105400085],
 [0.59795743227005, 0.625, 0.6924501359462738],
 [0.5873381495475769, 0.6046972274780273, 0.6466836184263229],
 [0.42177408933639526, 0.9100883603096008, 0.6162528097629547],
 [0.9096232056617737, 0.625, 0.6761299073696136],
 [0.08303678780794144, 0.8930931687355042, 0.6389948576688766],
 [0.39002183079719543, 0.2682580351829529, 0.6883674263954163],
 [0.5851007103919983, 0.625, 0.6641375720500946],
 [0.5799237489700317, 0.10859393328428268, 0.6328345090150833],
 [0.4256681501865387, 0.40524786710739136, 0.6092553958296776],
 [0.08114776760339737, 0.3749990165233612, 0.6547540724277496],
 [0.07758771628141403, 0.39003369212150574, 0.6277190744876862],
 [0.4034179151058197, 0.7988466024398804, 0.6352368295192719],
 [0.5833272933959961, 0.3749999403953552, 0.6623798310756683],
 [0.5780266523361206, 0.8913251161575317, 0.6315251886844635],
 [0.4274788498878479, 0.09507553279399872, 0.6083499118685722],
 [0.5658155679702759, 0.9155493974685669, 0.5905213356018066],
 [0.9215726852416992, 0.625, 0.6521333456039429],
 [0.9255304336547852, 0.11007045209407806, 0.6256206184625626],
 [0.4095125198364258, 0.7338758707046509, 0.6244720816612244],
 [0.5974558591842651, 0.2615016996860504, 0.6976248472929001],
 [0.4252829849720001, 0.12498827278614044, 0.6440232694149017],
 [0.4282618463039398, 0.11118073761463165, 0.6207438036799431],
 [0.0683182030916214, 0.9012623429298401, 0.6020957231521606],
 [0.0635281503200531, 0.911797821521759, 0.5869674384593964],
 [0.4261966347694397, 0.375, 0.6431084424257278],
 [0.42931705713272095, -0.1111898273229599, 0.6199876293540001],
 [0.5672296285629272, 0.5988389253616333, 0.6015077754855156],
 [0.56259685754776, 1.0884050130844116, 0.5865603759884834],
 [0.5574477910995483, 0.0802178680896759, 0.5746127218008041],
 [0.07027548551559448, 0.37499821186065674, 0.6359095126390457],
 [1.0678256750106812, 0.38788488507270813, 0.6153592318296432],
 [0.06501568853855133, 0.3996593654155731, 0.5985869765281677],
 [0.4190009534358978, 0.2599833905696869, 0.6429338455200195],
 [0.4107973277568817, 0.2581288814544678, 0.7047159373760223],
 [0.566938579082489, 0.8749993443489075, 0.6294021755456924],
 [0.4350946545600891, 0.612898051738739, 0.6109563186764717],
 [0.4374403953552246, 0.6016632914543152, 0.5956620052456856],
 [0.4406419098377228, 0.09167943894863129, 0.582893505692482],
 [0.4445511996746063, 0.5833631753921509, 0.5723293647170067],
 [0.44862493872642517, 1.0767524242401123, 0.5636934116482735]]