9.268677837240435480e-01
9.268677837240435480e-01
9.268677837240435480e-01
9.268677837240435480e-01
9.268677837240435480e-01
9.268677837240435480e-01
9.268677837240435480e-01
9.268677837240435480e-01
9.268677837240435480e-01
9.268677837240435480e-01
9.268677837240435480e-01
9.268677837240435480e-01
9.268677837240435480e-01
9.268677837240435480e-01
9.268677837240435480e-01
9.268677837240435480e-01
9.268677837240435480e-01
9.268677837240435480e-01
9.268677837240435480e-01
9.268677837240435480e-01
9.268677837240435480e-01
9.268677837240435480e-01
9.335152679194035352e-01
9.335152679194035352e-01
9.335152679194035352e-01
9.335152679194035352e-01
9.335152679194035352e-01
9.335152679194035352e-01
9.335152679194035352e-01
9.335152679194035352e-01
9.335152679194035352e-01
9.335152679194035352e-01
9.335152679194035352e-01
9.335152679194035352e-01
9.335152679194035352e-01
9.335152679194035352e-01
9.335152679194035352e-01
9.335152679194035352e-01
9.335152679194035352e-01
9.335152679194035352e-01
9.335152679194035352e-01
9.335152679194035352e-01
9.335152679194035352e-01
9.335152679194035352e-01
8.677784214494778103e-01
8.677784214494778103e-01
8.677784214494778103e-01
8.677784214494778103e-01
8.677784214494778103e-01
8.677784214494778103e-01
8.677784214494778103e-01
8.677784214494778103e-01
8.677784214494778103e-01
8.677784214494778103e-01
8.677784214494778103e-01
8.677784214494778103e-01
8.677784214494778103e-01
8.677784214494778103e-01
8.677784214494778103e-01
8.677784214494778103e-01
8.677784214494778103e-01
8.677784214494778103e-01
8.677784214494778103e-01
8.677784214494778103e-01
8.677784214494778103e-01
8.677784214494778103e-01
8.747622047403766921e-01
8.747622047403766921e-01
8.747622047403766921e-01
8.747622047403766921e-01
8.747622047403766921e-01
8.747622047403766921e-01
8.747622047403766921e-01
8.747622047403766921e-01
8.747622047403766921e-01
8.747622047403766921e-01
8.747622047403766921e-01
8.747622047403766921e-01
8.747622047403766921e-01
8.747622047403766921e-01
8.747622047403766921e-01
8.747622047403766921e-01
8.747622047403766921e-01
8.747622047403766921e-01
8.747622047403766921e-01
8.747622047403766921e-01
8.747622047403766921e-01
8.747622047403766921e-01
8.671385634528561148e-01
8.671385634528561148e-01
8.671385634528561148e-01
8.671385634528561148e-01
8.671385634528561148e-01
8.671385634528561148e-01
8.671385634528561148e-01
8.671385634528561148e-01
8.671385634528561148e-01
8.671385634528561148e-01
8.671385634528561148e-01
8.671385634528561148e-01
8.671385634528561148e-01
8.671385634528561148e-01
8.671385634528561148e-01
8.671385634528561148e-01
8.671385634528561148e-01
8.671385634528561148e-01
8.671385634528561148e-01
8.671385634528561148e-01
8.671385634528561148e-01
8.671385634528561148e-01
8.710627594380171423e-01
8.710627594380171423e-01
8.710627594380171423e-01
8.710627594380171423e-01
8.710627594380171423e-01
8.710627594380171423e-01
8.710627594380171423e-01
8.710627594380171423e-01
8.710627594380171423e-01
8.710627594380171423e-01
8.710627594380171423e-01
8.710627594380171423e-01
8.710627594380171423e-01
8.710627594380171423e-01
8.710627594380171423e-01
8.710627594380171423e-01
8.710627594380171423e-01
8.710627594380171423e-01
8.710627594380171423e-01
8.710627594380171423e-01
8.710627594380171423e-01
8.710627594380171423e-01
8.612328945039541273e-01
8.612328945039541273e-01
8.612328945039541273e-01
8.612328945039541273e-01
8.612328945039541273e-01
8.612328945039541273e-01
8.612328945039541273e-01
8.612328945039541273e-01
8.612328945039541273e-01
8.612328945039541273e-01
8.612328945039541273e-01
8.612328945039541273e-01
8.612328945039541273e-01
8.612328945039541273e-01
8.612328945039541273e-01
8.612328945039541273e-01
8.612328945039541273e-01
8.612328945039541273e-01
8.612328945039541273e-01
8.612328945039541273e-01
8.612328945039541273e-01
8.612328945039541273e-01
8.576959232144160117e-01
8.576959232144160117e-01
8.576959232144160117e-01
8.576959232144160117e-01
8.576959232144160117e-01
8.576959232144160117e-01
8.576959232144160117e-01
8.576959232144160117e-01
8.576959232144160117e-01
8.576959232144160117e-01
8.576959232144160117e-01
8.576959232144160117e-01
8.576959232144160117e-01
8.576959232144160117e-01
8.576959232144160117e-01
8.576959232144160117e-01
8.576959232144160117e-01
8.576959232144160117e-01
8.576959232144160117e-01
8.576959232144160117e-01
8.576959232144160117e-01
8.576959232144160117e-01
8.493164495245261181e-01
8.493164495245261181e-01
8.493164495245261181e-01
8.493164495245261181e-01
8.493164495245261181e-01
8.493164495245261181e-01
8.493164495245261181e-01
8.493164495245261181e-01
8.493164495245261181e-01
8.493164495245261181e-01
8.493164495245261181e-01
8.493164495245261181e-01
8.493164495245261181e-01
8.493164495245261181e-01
8.493164495245261181e-01
8.493164495245261181e-01
8.493164495245261181e-01
8.493164495245261181e-01
8.493164495245261181e-01
8.493164495245261181e-01
8.493164495245261181e-01
8.493164495245261181e-01
8.575398772148665749e-01
8.575398772148665749e-01
8.575398772148665749e-01
8.575398772148665749e-01
8.575398772148665749e-01
8.575398772148665749e-01
8.575398772148665749e-01
8.575398772148665749e-01
8.575398772148665749e-01
8.575398772148665749e-01
8.575398772148665749e-01
8.575398772148665749e-01
8.575398772148665749e-01
8.575398772148665749e-01
8.575398772148665749e-01
8.575398772148665749e-01
8.575398772148665749e-01
8.575398772148665749e-01
8.575398772148665749e-01
8.575398772148665749e-01
8.575398772148665749e-01
8.575398772148665749e-01
8.729809389003341247e-01
8.729809389003341247e-01
8.729809389003341247e-01
8.729809389003341247e-01
8.729809389003341247e-01
8.729809389003341247e-01
8.729809389003341247e-01
8.729809389003341247e-01
8.729809389003341247e-01
8.729809389003341247e-01
8.729809389003341247e-01
8.729809389003341247e-01
8.729809389003341247e-01
8.729809389003341247e-01
8.729809389003341247e-01
8.729809389003341247e-01
8.729809389003341247e-01
8.729809389003341247e-01
8.729809389003341247e-01
8.729809389003341247e-01
8.729809389003341247e-01
8.729809389003341247e-01
8.737157372307233771e-01
8.737157372307233771e-01
8.737157372307233771e-01
8.737157372307233771e-01
8.737157372307233771e-01
8.737157372307233771e-01
8.737157372307233771e-01
8.737157372307233771e-01
8.737157372307233771e-01
8.737157372307233771e-01
8.737157372307233771e-01
8.737157372307233771e-01
8.737157372307233771e-01
8.737157372307233771e-01
8.737157372307233771e-01
8.737157372307233771e-01
8.737157372307233771e-01
8.737157372307233771e-01
8.737157372307233771e-01
8.737157372307233771e-01
8.737157372307233771e-01
8.737157372307233771e-01
8.728968662083133045e-01
8.728968662083133045e-01
8.728968662083133045e-01
8.728968662083133045e-01
8.728968662083133045e-01
8.728968662083133045e-01
8.728968662083133045e-01
8.728968662083133045e-01
8.728968662083133045e-01
8.728968662083133045e-01
8.728968662083133045e-01
8.728968662083133045e-01
8.728968662083133045e-01
8.728968662083133045e-01
8.728968662083133045e-01
8.728968662083133045e-01
8.728968662083133045e-01
8.728968662083133045e-01
8.728968662083133045e-01
8.728968662083133045e-01
8.728968662083133045e-01
8.728968662083133045e-01
8.616887979473681902e-01
8.616887979473681902e-01
8.616887979473681902e-01
8.616887979473681902e-01
8.616887979473681902e-01
8.616887979473681902e-01
8.616887979473681902e-01
8.616887979473681902e-01
8.616887979473681902e-01
8.616887979473681902e-01
8.616887979473681902e-01
8.616887979473681902e-01
8.616887979473681902e-01
8.616887979473681902e-01
8.616887979473681902e-01
8.616887979473681902e-01
8.616887979473681902e-01
8.616887979473681902e-01
8.616887979473681902e-01
8.616887979473681902e-01
8.616887979473681902e-01
8.616887979473681902e-01
8.903210845504483384e-01
8.903210845504483384e-01
8.903210845504483384e-01
8.903210845504483384e-01
8.903210845504483384e-01
8.903210845504483384e-01
8.903210845504483384e-01
8.903210845504483384e-01
8.903210845504483384e-01
8.903210845504483384e-01
8.903210845504483384e-01
8.903210845504483384e-01
8.903210845504483384e-01
8.903210845504483384e-01
8.903210845504483384e-01
8.903210845504483384e-01
8.903210845504483384e-01
8.903210845504483384e-01
8.903210845504483384e-01
8.903210845504483384e-01
8.903210845504483384e-01
8.903210845504483384e-01
8.900594233834185909e-01
8.900594233834185909e-01
8.900594233834185909e-01
8.900594233834185909e-01
8.900594233834185909e-01
8.900594233834185909e-01
8.900594233834185909e-01
8.900594233834185909e-01
8.900594233834185909e-01
8.900594233834185909e-01
8.900594233834185909e-01
8.900594233834185909e-01
8.900594233834185909e-01
8.900594233834185909e-01
8.900594233834185909e-01
8.900594233834185909e-01
8.900594233834185909e-01
8.900594233834185909e-01
8.900594233834185909e-01
8.900594233834185909e-01
8.900594233834185909e-01
8.900594233834185909e-01
8.967801775656218943e-01
8.967801775656218943e-01
8.967801775656218943e-01
8.967801775656218943e-01
8.967801775656218943e-01
8.967801775656218943e-01
8.967801775656218943e-01
8.967801775656218943e-01
8.967801775656218943e-01
8.967801775656218943e-01
8.967801775656218943e-01
8.967801775656218943e-01
8.967801775656218943e-01
8.967801775656218943e-01
8.967801775656218943e-01
8.967801775656218943e-01
8.967801775656218943e-01
8.967801775656218943e-01
8.967801775656218943e-01
8.967801775656218943e-01
8.967801775656218943e-01
8.967801775656218943e-01
9.043471264107200147e-01
9.043471264107200147e-01
9.043471264107200147e-01
9.043471264107200147e-01
9.043471264107200147e-01
9.043471264107200147e-01
9.043471264107200147e-01
9.043471264107200147e-01
9.043471264107200147e-01
9.043471264107200147e-01
9.043471264107200147e-01
9.043471264107200147e-01
9.043471264107200147e-01
9.043471264107200147e-01
9.043471264107200147e-01
9.043471264107200147e-01
9.043471264107200147e-01
9.043471264107200147e-01
9.043471264107200147e-01
9.043471264107200147e-01
9.043471264107200147e-01
9.043471264107200147e-01
9.326795353576661229e-01
9.326795353576661229e-01
9.326795353576661229e-01
9.326795353576661229e-01
9.326795353576661229e-01
9.326795353576661229e-01
9.326795353576661229e-01
9.326795353576661229e-01
9.326795353576661229e-01
9.326795353576661229e-01
9.326795353576661229e-01
9.326795353576661229e-01
9.326795353576661229e-01
9.326795353576661229e-01
9.326795353576661229e-01
9.326795353576661229e-01
9.326795353576661229e-01
9.326795353576661229e-01
9.326795353576661229e-01
9.326795353576661229e-01
9.326795353576661229e-01
9.326795353576661229e-01
9.369951030967188510e-01
9.369951030967188510e-01
9.369951030967188510e-01
9.369951030967188510e-01
9.369951030967188510e-01
9.369951030967188510e-01
9.369951030967188510e-01
9.369951030967188510e-01
9.369951030967188510e-01
9.369951030967188510e-01
9.369951030967188510e-01
9.369951030967188510e-01
9.369951030967188510e-01
9.369951030967188510e-01
9.369951030967188510e-01
9.369951030967188510e-01
9.369951030967188510e-01
9.369951030967188510e-01
9.369951030967188510e-01
9.369951030967188510e-01
9.369951030967188510e-01
9.369951030967188510e-01
9.697924950466194627e-01
9.697924950466194627e-01
9.697924950466194627e-01
9.697924950466194627e-01
9.697924950466194627e-01
9.697924950466194627e-01
9.697924950466194627e-01
9.697924950466194627e-01
9.697924950466194627e-01
9.697924950466194627e-01
9.697924950466194627e-01
9.697924950466194627e-01
9.697924950466194627e-01
9.697924950466194627e-01
9.697924950466194627e-01
9.697924950466194627e-01
9.697924950466194627e-01
9.697924950466194627e-01
9.697924950466194627e-01
9.697924950466194627e-01
9.697924950466194627e-01
9.697924950466194627e-01
9.743891321816884332e-01
9.743891321816884332e-01
9.743891321816884332e-01
9.743891321816884332e-01
9.743891321816884332e-01
9.743891321816884332e-01
9.743891321816884332e-01
9.743891321816884332e-01
9.743891321816884332e-01
9.743891321816884332e-01
9.743891321816884332e-01
9.743891321816884332e-01
9.743891321816884332e-01
9.743891321816884332e-01
9.743891321816884332e-01
9.743891321816884332e-01
9.743891321816884332e-01
9.743891321816884332e-01
9.743891321816884332e-01
9.743891321816884332e-01
9.743891321816884332e-01
9.743891321816884332e-01
9.268677837240435480e-01
9.335152679194035352e-01
8.677784214494778103e-01
8.747622047403766921e-01
8.671385634528561148e-01
8.710627594380171423e-01
8.612328945039541273e-01
8.576959232144160117e-01
8.493164495245261181e-01
8.575398772148665749e-01
8.729809389003341247e-01
8.737157372307233771e-01
8.728968662083133045e-01
8.616887979473681902e-01
8.903210845504483384e-01
8.900594233834185909e-01
8.967801775656218943e-01
9.043471264107200147e-01
9.326795353576661229e-01
9.369951030967188510e-01
9.697924950466194627e-01
9.743891321816884332e-01
9.268677837240435480e-01
9.335152679194035352e-01
8.677784214494778103e-01
8.747622047403766921e-01
8.671385634528561148e-01
8.710627594380171423e-01
8.612328945039541273e-01
8.576959232144160117e-01
8.493164495245261181e-01
8.575398772148665749e-01
8.729809389003341247e-01
8.737157372307233771e-01
8.728968662083133045e-01
8.616887979473681902e-01
8.903210845504483384e-01
8.900594233834185909e-01
8.967801775656218943e-01
9.043471264107200147e-01
9.326795353576661229e-01
9.369951030967188510e-01
9.697924950466194627e-01
9.743891321816884332e-01
9.268677837240435480e-01
9.335152679194035352e-01
8.677784214494778103e-01
8.747622047403766921e-01
8.671385634528561148e-01
8.710627594380171423e-01
8.612328945039541273e-01
8.576959232144160117e-01
8.493164495245261181e-01
8.575398772148665749e-01
8.729809389003341247e-01
8.737157372307233771e-01
8.728968662083133045e-01
8.616887979473681902e-01
8.903210845504483384e-01
8.900594233834185909e-01
8.967801775656218943e-01
9.043471264107200147e-01
9.326795353576661229e-01
9.369951030967188510e-01
9.697924950466194627e-01
9.743891321816884332e-01
9.268677837240435480e-01
9.335152679194035352e-01
8.677784214494778103e-01
8.747622047403766921e-01
8.671385634528561148e-01
8.710627594380171423e-01
8.612328945039541273e-01
8.576959232144160117e-01
8.493164495245261181e-01
8.575398772148665749e-01
8.729809389003341247e-01
8.737157372307233771e-01
8.728968662083133045e-01
8.616887979473681902e-01
8.903210845504483384e-01
8.900594233834185909e-01
8.967801775656218943e-01
9.043471264107200147e-01
9.326795353576661229e-01
9.369951030967188510e-01
9.697924950466194627e-01
9.743891321816884332e-01
9.268677837240435480e-01
9.335152679194035352e-01
8.677784214494778103e-01
8.747622047403766921e-01
8.671385634528561148e-01
8.710627594380171423e-01
8.612328945039541273e-01
8.576959232144160117e-01
8.493164495245261181e-01
8.575398772148665749e-01
8.729809389003341247e-01
8.737157372307233771e-01
8.728968662083133045e-01
8.616887979473681902e-01
8.903210845504483384e-01
8.900594233834185909e-01
8.967801775656218943e-01
9.043471264107200147e-01
9.326795353576661229e-01
9.369951030967188510e-01
9.697924950466194627e-01
9.743891321816884332e-01
9.268677837240435480e-01
9.335152679194035352e-01
8.677784214494778103e-01
8.747622047403766921e-01
8.671385634528561148e-01
8.710627594380171423e-01
8.612328945039541273e-01
8.576959232144160117e-01
8.493164495245261181e-01
8.575398772148665749e-01
8.729809389003341247e-01
8.737157372307233771e-01
8.728968662083133045e-01
8.616887979473681902e-01
8.903210845504483384e-01
8.900594233834185909e-01
8.967801775656218943e-01
9.043471264107200147e-01
9.326795353576661229e-01
9.369951030967188510e-01
9.697924950466194627e-01
9.743891321816884332e-01
9.268677837240435480e-01
9.335152679194035352e-01
8.677784214494778103e-01
8.747622047403766921e-01
8.671385634528561148e-01
8.710627594380171423e-01
8.612328945039541273e-01
8.576959232144160117e-01
8.493164495245261181e-01
8.575398772148665749e-01
8.729809389003341247e-01
8.737157372307233771e-01
8.728968662083133045e-01
8.616887979473681902e-01
8.903210845504483384e-01
8.900594233834185909e-01
8.967801775656218943e-01
9.043471264107200147e-01
9.326795353576661229e-01
9.369951030967188510e-01
9.697924950466194627e-01
9.743891321816884332e-01
9.268677837240435480e-01
9.335152679194035352e-01
8.677784214494778103e-01
8.747622047403766921e-01
8.671385634528561148e-01
8.710627594380171423e-01
8.612328945039541273e-01
8.576959232144160117e-01
8.493164495245261181e-01
8.575398772148665749e-01
8.729809389003341247e-01
8.737157372307233771e-01
8.728968662083133045e-01
8.616887979473681902e-01
8.903210845504483384e-01
8.900594233834185909e-01
8.967801775656218943e-01
9.043471264107200147e-01
9.326795353576661229e-01
9.369951030967188510e-01
9.697924950466194627e-01
9.743891321816884332e-01
9.268677837240435480e-01
9.335152679194035352e-01
8.677784214494778103e-01
8.747622047403766921e-01
8.671385634528561148e-01
8.710627594380171423e-01
8.612328945039541273e-01
8.576959232144160117e-01
8.493164495245261181e-01
8.575398772148665749e-01
8.729809389003341247e-01
8.737157372307233771e-01
8.728968662083133045e-01
8.616887979473681902e-01
8.903210845504483384e-01
8.900594233834185909e-01
8.967801775656218943e-01
9.043471264107200147e-01
9.326795353576661229e-01
9.369951030967188510e-01
9.697924950466194627e-01
9.743891321816884332e-01
9.268677837240435480e-01
9.335152679194035352e-01
8.677784214494778103e-01
8.747622047403766921e-01
8.671385634528561148e-01
8.710627594380171423e-01
8.612328945039541273e-01
8.576959232144160117e-01
8.493164495245261181e-01
8.575398772148665749e-01
8.729809389003341247e-01
8.737157372307233771e-01
8.728968662083133045e-01
8.616887979473681902e-01
8.903210845504483384e-01
8.900594233834185909e-01
8.967801775656218943e-01
9.043471264107200147e-01
9.326795353576661229e-01
9.369951030967188510e-01
9.697924950466194627e-01
9.743891321816884332e-01
9.268677837240435480e-01
9.335152679194035352e-01
8.677784214494778103e-01
8.747622047403766921e-01
8.671385634528561148e-01
8.710627594380171423e-01
8.612328945039541273e-01
8.576959232144160117e-01
8.493164495245261181e-01
8.575398772148665749e-01
8.729809389003341247e-01
8.737157372307233771e-01
8.728968662083133045e-01
8.616887979473681902e-01
8.903210845504483384e-01
8.900594233834185909e-01
8.967801775656218943e-01
9.043471264107200147e-01
9.326795353576661229e-01
9.369951030967188510e-01
9.697924950466194627e-01
9.743891321816884332e-01
9.268677837240435480e-01
9.335152679194035352e-01
8.677784214494778103e-01
8.747622047403766921e-01
8.671385634528561148e-01
8.710627594380171423e-01
8.612328945039541273e-01
8.576959232144160117e-01
8.493164495245261181e-01
8.575398772148665749e-01
8.729809389003341247e-01
8.737157372307233771e-01
8.728968662083133045e-01
8.616887979473681902e-01
8.903210845504483384e-01
8.900594233834185909e-01
8.967801775656218943e-01
9.043471264107200147e-01
9.326795353576661229e-01
9.369951030967188510e-01
9.697924950466194627e-01
9.743891321816884332e-01
9.268677837240435480e-01
9.335152679194035352e-01
8.677784214494778103e-01
8.747622047403766921e-01
8.671385634528561148e-01
8.710627594380171423e-01
8.612328945039541273e-01
8.576959232144160117e-01
8.493164495245261181e-01
8.575398772148665749e-01
8.729809389003341247e-01
8.737157372307233771e-01
8.728968662083133045e-01
8.616887979473681902e-01
8.903210845504483384e-01
8.900594233834185909e-01
8.967801775656218943e-01
9.043471264107200147e-01
9.326795353576661229e-01
9.369951030967188510e-01
9.697924950466194627e-01
9.743891321816884332e-01
9.268677837240435480e-01
9.335152679194035352e-01
8.677784214494778103e-01
8.747622047403766921e-01
8.671385634528561148e-01
8.710627594380171423e-01
8.612328945039541273e-01
8.576959232144160117e-01
8.493164495245261181e-01
8.575398772148665749e-01
8.729809389003341247e-01
8.737157372307233771e-01
8.728968662083133045e-01
8.616887979473681902e-01
8.903210845504483384e-01
8.900594233834185909e-01
8.967801775656218943e-01
9.043471264107200147e-01
9.326795353576661229e-01
9.369951030967188510e-01
9.697924950466194627e-01
9.743891321816884332e-01
9.268677837240435480e-01
9.335152679194035352e-01
8.677784214494778103e-01
8.747622047403766921e-01
8.671385634528561148e-01
8.710627594380171423e-01
8.612328945039541273e-01
8.576959232144160117e-01
8.493164495245261181e-01
8.575398772148665749e-01
8.729809389003341247e-01
8.737157372307233771e-01
8.728968662083133045e-01
8.616887979473681902e-01
8.903210845504483384e-01
8.900594233834185909e-01
8.967801775656218943e-01
9.043471264107200147e-01
9.326795353576661229e-01
9.369951030967188510e-01
9.697924950466194627e-01
9.743891321816884332e-01
9.268677837240435480e-01
9.335152679194035352e-01
8.677784214494778103e-01
8.747622047403766921e-01
8.671385634528561148e-01
8.710627594380171423e-01
8.612328945039541273e-01
8.576959232144160117e-01
8.493164495245261181e-01
8.575398772148665749e-01
8.729809389003341247e-01
8.737157372307233771e-01
8.728968662083133045e-01
8.616887979473681902e-01
8.903210845504483384e-01
8.900594233834185909e-01
8.967801775656218943e-01
9.043471264107200147e-01
9.326795353576661229e-01
9.369951030967188510e-01
9.697924950466194627e-01
9.743891321816884332e-01
9.268677837240435480e-01
9.335152679194035352e-01
8.677784214494778103e-01
8.747622047403766921e-01
8.671385634528561148e-01
8.710627594380171423e-01
8.612328945039541273e-01
8.576959232144160117e-01
8.493164495245261181e-01
8.575398772148665749e-01
8.729809389003341247e-01
8.737157372307233771e-01
8.728968662083133045e-01
8.616887979473681902e-01
8.903210845504483384e-01
8.900594233834185909e-01
8.967801775656218943e-01
9.043471264107200147e-01
9.326795353576661229e-01
9.369951030967188510e-01
9.697924950466194627e-01
9.743891321816884332e-01
9.268677837240435480e-01
9.335152679194035352e-01
8.677784214494778103e-01
8.747622047403766921e-01
8.671385634528561148e-01
8.710627594380171423e-01
8.612328945039541273e-01
8.576959232144160117e-01
8.493164495245261181e-01
8.575398772148665749e-01
8.729809389003341247e-01
8.737157372307233771e-01
8.728968662083133045e-01
8.616887979473681902e-01
8.903210845504483384e-01
8.900594233834185909e-01
8.967801775656218943e-01
9.043471264107200147e-01
9.326795353576661229e-01
9.369951030967188510e-01
9.697924950466194627e-01
9.743891321816884332e-01
9.268677837240435480e-01
9.335152679194035352e-01
8.677784214494778103e-01
8.747622047403766921e-01
8.671385634528561148e-01
8.710627594380171423e-01
8.612328945039541273e-01
8.576959232144160117e-01
8.493164495245261181e-01
8.575398772148665749e-01
8.729809389003341247e-01
8.737157372307233771e-01
8.728968662083133045e-01
8.616887979473681902e-01
8.903210845504483384e-01
8.900594233834185909e-01
8.967801775656218943e-01
9.043471264107200147e-01
9.326795353576661229e-01
9.369951030967188510e-01
9.697924950466194627e-01
9.743891321816884332e-01
9.268677837240435480e-01
9.335152679194035352e-01
8.677784214494778103e-01
8.747622047403766921e-01
8.671385634528561148e-01
8.710627594380171423e-01
8.612328945039541273e-01
8.576959232144160117e-01
8.493164495245261181e-01
8.575398772148665749e-01
8.729809389003341247e-01
8.737157372307233771e-01
8.728968662083133045e-01
8.616887979473681902e-01
8.903210845504483384e-01
8.900594233834185909e-01
8.967801775656218943e-01
9.043471264107200147e-01
9.326795353576661229e-01
9.369951030967188510e-01
9.697924950466194627e-01
9.743891321816884332e-01
9.268677837240435480e-01
9.335152679194035352e-01
8.677784214494778103e-01
8.747622047403766921e-01
8.671385634528561148e-01
8.710627594380171423e-01
8.612328945039541273e-01
8.576959232144160117e-01
8.493164495245261181e-01
8.575398772148665749e-01
8.729809389003341247e-01
8.737157372307233771e-01
8.728968662083133045e-01
8.616887979473681902e-01
8.903210845504483384e-01
8.900594233834185909e-01
8.967801775656218943e-01
9.043471264107200147e-01
9.326795353576661229e-01
9.369951030967188510e-01
9.697924950466194627e-01
9.743891321816884332e-01
9.268677837240435480e-01
9.335152679194035352e-01
8.677784214494778103e-01
8.747622047403766921e-01
8.671385634528561148e-01
8.710627594380171423e-01
8.612328945039541273e-01
8.576959232144160117e-01
8.493164495245261181e-01
8.575398772148665749e-01
8.729809389003341247e-01
8.737157372307233771e-01
8.728968662083133045e-01
8.616887979473681902e-01
8.903210845504483384e-01
8.900594233834185909e-01
8.967801775656218943e-01
9.043471264107200147e-01
9.326795353576661229e-01
9.369951030967188510e-01
9.697924950466194627e-01
9.743891321816884332e-01
9.999999933908251259e-01
9.996787079602027504e-01
9.688634913422339290e-01
9.744458801516404645e-01
9.499389506699811303e-01
9.417608310072097533e-01
9.119258594467234413e-01
9.104626463800421510e-01
8.729876247714850601e-01
8.782993713984964534e-01
8.701117588445196338e-01
8.738933846536495187e-01
8.181099556046257382e-01
8.209809812514894389e-01
7.927740723211502694e-01
7.919332551014111043e-01
7.499824575161759821e-01
7.551437318959519640e-01
7.474689904181515132e-01
7.477753164725224888e-01
7.260312410491744917e-01
7.276503747784520693e-01
9.996737281262186858e-01
9.999998582289769677e-01
9.719391838169816333e-01
9.768126045679214053e-01
9.543575835256012940e-01
9.463970263330823141e-01
9.192098597683537875e-01
9.175466760929674725e-01
8.837378579303150072e-01
8.885889181013275628e-01
8.803419476735525606e-01
8.839105874097381577e-01
8.333604307610082973e-01
8.357576523567308291e-01
8.091400109019094566e-01
8.086726600980991275e-01
7.702516475495875259e-01
7.752353521903125877e-01
7.667525451859178443e-01
7.678502677437906154e-01
7.476065824892040856e-01
7.493147812793499174e-01
9.985550723691668518e-01
9.994201985251403020e-01
9.848861948280032141e-01
9.872696997928278595e-01
9.737638295350153905e-01
9.693586364660253807e-01
9.528543956945718651e-01
9.518676256755835841e-01
9.348554532027772979e-01
9.374094971569159052e-01
9.294252780790597246e-01
9.317253548173477506e-01
9.068721197593339056e-01
9.075848379733237881e-01
8.922981202908364384e-01
8.925641275752245196e-01
8.730290550387229676e-01
8.753020955632478950e-01
8.650076705066425120e-01
8.675031854397807773e-01
8.554713624655374549e-01
8.564065912338572062e-01
9.992764340633856213e-01
9.996660551280754925e-01
9.771654768986189898e-01
9.812247741002609880e-01
9.621912742305414046e-01
9.556694637521131463e-01
9.321096245546682812e-01
9.308591998736501782e-01
9.038592297893297545e-01
9.079471137257456581e-01
8.992987574139255091e-01
9.024829374073413124e-01
8.622784602905395612e-01
8.641348223122067296e-01
8.422045960759790839e-01
8.418834037157563177e-01
8.114322174823310752e-01
8.150527855726258375e-01
8.056841441694319039e-01
8.070358828620969316e-01
7.900355209952245605e-01
7.912589498677019550e-01
9.990375796801254094e-01
9.992801847688530525e-01
9.807896174100860787e-01
9.843857915623989152e-01
9.713242661449289495e-01
9.657066087798558129e-01
9.483166759872363460e-01
9.471617089705202108e-01
9.260485407000477176e-01
9.294674336946855409e-01
9.232249433140667927e-01
9.258067361083568425e-01
8.940154115738281337e-01
8.957391226895442538e-01
8.782851643946891773e-01
8.780475055474203927e-01
8.536256139502615969e-01
8.570371115511095095e-01
8.500280369344332954e-01
8.513700788077140924e-01
8.381051768847525008e-01
8.392096573475729127e-01
9.999333550597725440e-01
9.997294616057125216e-01
9.713142983562483845e-01
9.765372101817888506e-01
9.544007424148125418e-01
9.466539839833290060e-01
9.192795785498617533e-01
9.178546104518344739e-01
8.835854028588722153e-01
8.885668152279151411e-01
8.807654645801994420e-01
8.843349597362472059e-01
8.331945950845318638e-01
8.358683495660846896e-01
8.097158140604033827e-01
8.089809137060886002e-01
7.703613868361069983e-01
7.752501047846704907e-01
7.676772139902914294e-01
7.681635812577292111e-01
7.480797234065701407e-01
7.496191010851984693e-01
9.983268136825202976e-01
9.984436389872330952e-01
9.815467522537794087e-01
9.846744336181549873e-01
9.744559164244073202e-01
9.697067331228022002e-01
9.565011209487048749e-01
9.553775451368095029e-01
9.368116156796840732e-01
9.395046099821456886e-01
9.357444737302035298e-01
9.376722552141986133e-01
9.098478738408670718e-01
9.113321848885845844e-01
8.964677898096298225e-01
8.964298218211718128e-01
8.748042256992679677e-01
8.782326229558352626e-01
8.736992231267131093e-01
8.753066698144325031e-01
8.641456758821668416e-01
8.652885321369927496e-01
9.988873154770614438e-01
9.983248558534519868e-01
9.859840973435799460e-01
9.886084507738633897e-01
9.824868749682774682e-01
9.796572981666633595e-01
9.708461669799671734e-01
9.703801479215179437e-01
9.576568299289164310e-01
9.594920107891429240e-01
9.570620284317257198e-01
9.583503815492253608e-01
9.397253894056512014e-01
9.409339433522981855e-01
9.314529488979583771e-01
9.313333724053194373e-01
9.170256766558185779e-01
9.191913529787759662e-01
9.161486134725118635e-01
9.174101282724178574e-01
9.098647174469955967e-01
9.104353682465997633e-01
9.996650350466691481e-01
9.995198561303965112e-01
9.977225318096710760e-01
9.982588120933449938e-01
9.995773344474200295e-01
9.995701931104754578e-01
9.995948363621091071e-01
9.995356553273969658e-01
9.999982356163756858e-01
9.998835954428451078e-01
9.980284614940343468e-01
9.981837569140953326e-01
9.999248354489485013e-01
9.997074607941780489e-01
9.989469337140842731e-01
9.995073670518135334e-01
9.993960191287649675e-01
9.998706919957793815e-01
9.950651691422933709e-01
9.976398888585584768e-01
9.965982020442532008e-01
9.967961558485086693e-01
9.998378794333329100e-01
9.993653539926412588e-01
9.974209065010309905e-01
9.982981243380277814e-01
9.998388343130149014e-01
9.998402023166382824e-01
9.994391784416324365e-01
9.995721659166786344e-01
9.998904509104201699e-01
9.999997329117110700e-01
9.980706521119213637e-01
9.983459403787160458e-01
9.997307768165905051e-01
9.997879540005205623e-01
9.993150726461623723e-01
9.996307291261729011e-01
9.997648454866210344e-01
9.999875013920558331e-01
9.957791550149408533e-01
9.978128755602894140e-01
9.968333285185131398e-01
9.968112831242222915e-01
8.941373349293497697e-01
8.922136718622313278e-01
8.746544242482187093e-01
8.789719081916412824e-01
8.953172201418422294e-01
8.931700419746471109e-01
8.972442109138756283e-01
8.982740945598530757e-01
8.868133456614264443e-01
8.897434506710675262e-01
9.057524095232887262e-01
9.074685664204681368e-01
8.850548684582018044e-01
8.883601591475246417e-01
8.908735443843592838e-01
8.888541254936332958e-01
8.867100550426508798e-01
8.862025099937567152e-01
8.992406433408023370e-01
8.961591697203885598e-01
8.957044792616594142e-01
8.940755538133837721e-01
8.296974614913249502e-01
8.281850154699703648e-01
8.169574054733269586e-01
8.213750277102134234e-01
8.505483884023072871e-01
8.473180231112206195e-01
8.620953227206223923e-01
8.628215969844056366e-01
8.598232957844507141e-01
8.635654679998892025e-01
8.844437721857356660e-01
8.867509767468622073e-01
8.735560976233894825e-01
8.773605899276246678e-01
8.863429242970577437e-01
8.838543470544578673e-01
8.888494773632349411e-01
8.893520713853098059e-01
9.058444674318757439e-01
9.016897139683924811e-01
9.072210822026773869e-01
9.056816364811248743e-01
8.703265282848369200e-01
8.716211462611967997e-01
8.804260741872107499e-01
8.816718864224805108e-01
9.064564543601812963e-01
9.028147044127287080e-01
9.227443205549794580e-01
9.215657305176113701e-01
9.359713638582840556e-01
9.379943687727869683e-01
9.447432835966862452e-01
9.463299074101551023e-01
9.620093151287788524e-01
9.632562658082683971e-01
9.720651835587451606e-01
9.717484214655203179e-01
9.811427199180400294e-01
9.840686094570199050e-01
9.871564611555093682e-01
9.877300348122804996e-01
9.969487802670510268e-01
9.974909987460526262e-01
7.669691699419683983e-01
7.690848013088338320e-01
7.863848299713434020e-01
7.885190684576685038e-01
8.321067747627909350e-01
8.256495874532507884e-01
8.609511984958707620e-01
8.591208866622167539e-01
8.846222942777519638e-01
8.885510712923405663e-01
9.019543645399666909e-01
9.048066363204008145e-01
9.314904286534855249e-01
9.341619985669030735e-01
9.510468474488249502e-01
9.497846073420606050e-01
9.673156909769830003e-01
9.717458752811202194e-01
9.816508599897584286e-01
9.800821031924803473e-01
9.975931226052600076e-01
9.981136779759751665e-01
7.684313094396431065e-01
7.695562234271375868e-01
7.861971650444614657e-01
7.888248787255488503e-01
8.317311884386666687e-01
8.261561430722089705e-01
8.607530216885479479e-01
8.595747505708999370e-01
8.841289820123128251e-01
8.880226306118321755e-01
9.020851364372676207e-01
9.047956028613706181e-01
9.305846319468932260e-01
9.336265701712583853e-01
9.517843709187177037e-01
9.501072545802099478e-01
9.684833340738088214e-01
9.718320949302554634e-01
9.840911254262356689e-01
9.815107252807750982e-01
9.992531095110479544e-01
9.991370991532354529e-01
7.676956157441063855e-01
7.692318364610464254e-01
7.862921360796000236e-01
7.886565314951923256e-01
8.316432159910451816e-01
8.258330946151133389e-01
8.607851451287560351e-01
8.593703570448132378e-01
8.843251807571845813e-01
8.881344871805311181e-01
9.019683981990395116e-01
9.046718621516310899e-01
9.310267798715718968e-01
9.338691632332309922e-01
9.516786593765363955e-01
9.502111768348276977e-01
9.684044457939740003e-01
9.720169783658063611e-01
9.832950118928508454e-01
9.811969705296196276e-01
9.989123317256453083e-01
9.990050269634342950e-01
7.960489855290775463e-01
7.970957354054079014e-01
8.121955331611416806e-01
8.144641397159559926e-01
8.513624591644000095e-01
8.466681159418042446e-01
8.758703911391838570e-01
8.750001222488235086e-01
8.973171259618138995e-01
9.007202113478347538e-01
9.114212435187040162e-01
9.139550587376359392e-01
9.379408465597528499e-01
9.404554203730599582e-01
9.564316413347320189e-01
9.550221154386872024e-01
9.725381152153925735e-01
9.748669757160310922e-01
9.838523785586709147e-01
9.819357394531792460e-01
9.972045832429230483e-01
9.968890840616383420e-01
7.688488514707534360e-01
7.705163884299748300e-01
7.876951208338482946e-01
7.899013655780851018e-01
8.323644588833589708e-01
8.266044631280701216e-01
8.609517948485633232e-01
8.595290739000602809e-01
8.848089953884418213e-01
8.885809453168483918e-01
9.016728406276748320e-01
9.044272908423824919e-01
9.312323724811785164e-01
9.339126381621065676e-01
9.514247267694726506e-01
9.500263280492073914e-01
9.686430072939706815e-01
9.722254430113018708e-01
9.827069764353566494e-01
9.808052999247320880e-01
9.982571710862162551e-01
9.983895206528620170e-01
7.218258290321764026e-01
7.221184390179559154e-01
7.407679575739949396e-01
7.442427884361618728e-01
7.950719201639921963e-01
7.893169304504208394e-01
8.305077419056636767e-01
8.296987709849531489e-01
8.577972327768754734e-01
8.624587446724409912e-01
8.811556644829827700e-01
8.842019778685912268e-01
9.129867148010788469e-01
9.169754705603023748e-01
9.398594369287941452e-01
9.373043004451406812e-01
9.598129747244632526e-01
9.633984060728332244e-01
9.825031275963136412e-01
9.778821182174910476e-01
9.994381601476458599e-01
9.989007314357557510e-01
7.459237112526613256e-01
7.466923798990694472e-01
7.640227667713015425e-01
7.668948151877178487e-01
8.136799585248961630e-01
8.081105185206076680e-01
8.463186353507670123e-01
8.452303982607440869e-01
8.714428493082071459e-01
8.755575417970126173e-01
8.922970694759483345e-01
8.950418466705979403e-01
9.222055760405083458e-01
9.255701654423263980e-01
9.458808789122163940e-01
9.438815075384094921e-01
9.640022318590698580e-01
9.678278530845778604e-01
9.836293171937404711e-01
9.802818462186577708e-01
9.998524283741045959e-01
9.997194872743857541e-01
7.182606888057920802e-01
7.193754512185068783e-01
7.391996459458545221e-01
7.422664829886431725e-01
7.940910252680282166e-01
7.876659893020552250e-01
8.301207075330042651e-01
8.287901439365894518e-01
8.580010265336877051e-01
8.626156204692667639e-01
8.810869505141989411e-01
8.841729962461990500e-01
9.143901945356806005e-01
9.181116506140775124e-01
9.405365400691391153e-01
9.383400973915947407e-01
9.604592076582834093e-01
9.646797805363028777e-01
9.819805510639099122e-01
9.781790580636746668e-01
9.999998888983284706e-01
9.998838644737050307e-01
6.668174788320663238e-01
6.688090293608649484e-01
6.933118585424564717e-01
6.963927492721865287e-01
7.572103409516205419e-01
7.493120368757226757e-01
7.995149626852176006e-01
7.976319767555548612e-01
8.329206311479525615e-01
8.382736949857024777e-01
8.595297132522914385e-01
8.631898727957318940e-01
8.997862689439291017e-01
9.038609316684954598e-01
9.298510549543393955e-01
9.274745300173000695e-01
9.537491958335768683e-01
9.589439476510458471e-01
9.782926194446348589e-01
9.740971832544339515e-01
9.998835716370857440e-01
9.999999021970827906e-01
9.343332079934453249e-01
9.337882633379341879e-01
9.068758610232098283e-01
9.109253570170963155e-01
8.952091220538308525e-01
8.960440205017017323e-01
8.772587030862804003e-01
8.769478415527641735e-01
8.491839109069683200e-01
8.539975836497049055e-01
8.524874102522135288e-01
8.557869385828372755e-01
8.123621086382247780e-01
8.110955609597076954e-01
7.966501327095169005e-01
7.959100623465803492e-01
7.636100706625429391e-01
7.691262959630337237e-01
7.731889302626673288e-01
7.696320913105184625e-01
7.566013509003236548e-01
7.575850356351678805e-01
9.430165039962167262e-01
9.432370287883384830e-01
9.143985159042544719e-01
9.181672797164573963e-01
9.012871724708415577e-01
9.015022537174777195e-01
8.810699127593704105e-01
8.803399477247401128e-01
8.509178788211577693e-01
8.559029840057262861e-01
8.535529808972366350e-01
8.569339056268209243e-01
8.109949722183129595e-01
8.095421861947249553e-01
7.924569648542614253e-01
7.920648901325830771e-01
7.572898310292820456e-01
7.636742445597082263e-01
7.656534219096141625e-01
7.629518659854837015e-01
7.484394693551602584e-01
7.498884141765168598e-01
9.004589166424941116e-01
9.007303847707928135e-01
8.834450420244477353e-01
8.871588374527901166e-01
8.755689633472660827e-01
8.763724022413202919e-01
8.646378233543485781e-01
8.642973047923753205e-01
8.449268977880084464e-01
8.490655818011386691e-01
8.485020608411545373e-01
8.517552198633318028e-01
8.196487600671525930e-01
8.183129087642074806e-01
8.113666249118769436e-01
8.104326588901572537e-01
7.864950865119038070e-01
7.904328574225634174e-01
7.955251738325793687e-01
7.915791461629604342e-01
7.834183284749867138e-01
7.836596652041410982e-01
9.010644143117539917e-01
9.007296019547225141e-01
8.857117628550521538e-01
8.897021396479473099e-01
8.752361390870446733e-01
8.760215672671812781e-01
8.631262058155310113e-01
8.629180920652218534e-01
8.437332280394249651e-01
8.480973476450690551e-01
8.455828127677957884e-01
8.489687803855964221e-01
8.176415843553601626e-01
8.164748744149893378e-01
8.096233441843565526e-01
8.085174414490412520e-01
7.836830797450602404e-01
7.877441519156324068e-01
7.918691417852261605e-01
7.874289664020099888e-01
7.792516080374675136e-01
7.794956637692149748e-01
8.939929264509471896e-01
8.956959525790574306e-01
8.793281823826498700e-01
8.822328009291888762e-01
8.808690784212049874e-01
8.794221136651780846e-01
8.747307135557687019e-01
8.726498134499165449e-01
8.577685405020508691e-01
8.619246229115306024e-01
8.646508498979866841e-01
8.682488381883916029e-01
8.400141551759473524e-01
8.378800129048927792e-01
8.308677009820532033e-01
8.306836239027322044e-01
8.077284929354978660e-01
8.143073314591580125e-01
8.182584879354518614e-01
8.157672971623425306e-01
8.094316077800502995e-01
8.110810194254095551e-01
8.935316236889359054e-01
8.945337122233784077e-01
8.753956326588544501e-01
8.785158862724985473e-01
8.785478689911596639e-01
8.784231840939320524e-01
8.731301520223845314e-01
8.717808440000041070e-01
8.559422563883889445e-01
8.598107005816624238e-01
8.643941536019420502e-01
8.677433182531938405e-01
8.382824569229456735e-01
8.363015511459613860e-01
8.305833984862759367e-01
8.300936917224952527e-01
8.094989016967948370e-01
8.146962455645843093e-01
8.212419759726496959e-01
8.180551720899875701e-01
8.117828718932232901e-01
8.127532328840122444e-01
8.770274176145812506e-01
8.786745912049770402e-01
8.608870806993309532e-01
8.635413782952530148e-01
8.702579587508227910e-01
8.692184684447044063e-01
8.697909769574408978e-01
8.676191416657724753e-01
8.558027016821321276e-01
8.593875392915962808e-01
8.664865060422789478e-01
8.698826891163837782e-01
8.446484692753258861e-01
8.422729554019015019e-01
8.377603849164076966e-01
8.375476208872221218e-01
8.192795499665241898e-01
8.255326286805665381e-01
8.342858572145048779e-01
8.317294196251602267e-01
8.274771613936082737e-01
8.289870897446165454e-01
8.656669693391845222e-01
8.668579295874896395e-01
8.525057619703004796e-01
8.552051563056780603e-01
8.631919133585768122e-01
8.623749016569792758e-01
8.653072319601688989e-01
8.632675792038807527e-01
8.538382264882821149e-01
8.572527574924050375e-01
8.648955474369834917e-01
8.682653350623482646e-01
8.466464796272350490e-01
8.442613074080060898e-01
8.424720776614003093e-01
8.420923451508554036e-01
8.258534879740280221e-01
8.317138695720931452e-01
8.409637577847933754e-01
8.379072041805718518e-01
8.354127661605464938e-01
8.367421919794055807e-01
8.515164707506115427e-01
8.534763555594029327e-01
8.446814274739606887e-01
8.468952124049873298e-01
8.576187726745942985e-01
8.565492882793106499e-01
8.634262611488169314e-01
8.610654585854260468e-01
8.573176631533615533e-01
8.602485770298088363e-01
8.676906468576750520e-01
8.711015366644455638e-01
8.568858832222413513e-01
8.541886897859481964e-01
8.559417321408414603e-01
8.556875120557988490e-01
8.445510181425289753e-01
8.499262066813914052e-01
8.586763322755324168e-01
8.558254674478241730e-01
8.558708526805677286e-01
8.570544870223723022e-01
8.586163017781784923e-01
8.605032889467860713e-01
8.512215863756177336e-01
8.534610379957979776e-01
8.630008929521839622e-01
8.621007036333081519e-01
8.673679010831829572e-01
8.650881379840855701e-01
8.610307034198931841e-01
8.640359079715017598e-01
8.704772187388517546e-01
8.739684089612957951e-01
8.592319268030186308e-01
8.565278925357302509e-01
8.577503277286592231e-01
8.574708030802803416e-01
8.463739320964785984e-01
8.517850793322071512e-01
8.596561912969578056e-01
8.567076719801828277e-01
8.561520478151610769e-01
8.573245766506962795e-01
8.670003070940857093e-01
8.693030704189395053e-01
8.551628890069686850e-01
8.570100890102723135e-01
8.714785111392289174e-01
8.696917675570691175e-01
8.771215210675805674e-01
8.739678985720987781e-01
8.677534079798435718e-01
8.708097057528280116e-01
8.807244056692961065e-01
8.840962559316105640e-01
8.655594811778108966e-01
8.624053392634128956e-01
8.607126452638229619e-01
8.609487270326628972e-01
8.459607559668429477e-01
8.536378747462460836e-01
8.619182036171623151e-01
8.601152038829757984e-01
8.587406395307121132e-01
8.610507208606414942e-01
8.614911993052584149e-01
8.638700764825326672e-01
8.486602148809399004e-01
8.507710273723975147e-01
8.665796707525398324e-01
8.645824308191446539e-01
8.723023844352028044e-01
8.692402943269272875e-01
8.620581808744797181e-01
8.653851624294721656e-01
8.767764837966677272e-01
8.802588250928967684e-01
8.598994299005144892e-01
8.569912289580229325e-01
8.557733228272803583e-01
8.558647894115588572e-01
8.410254204191959237e-01
8.484003124318074684e-01
8.572268404712561907e-01
8.551772726092999877e-01
8.538863825869212887e-01
8.560041618643051686e-01
7.987590171064907762e-01
8.013884210152942833e-01
8.033810027887149374e-01
8.046525713030400206e-01
8.310408107429932967e-01
8.292923768825045672e-01
8.514643271531519009e-01
8.481536281649483255e-01
8.581584331926893627e-01
8.599686644765657251e-01
8.731392179872172754e-01
8.765554990513724221e-01
8.795675354656532496e-01
8.760402797266362285e-01
8.877892234123715420e-01
8.876585343866382205e-01
8.883791485649935593e-01
8.936881795944620066e-01
9.058149395705112905e-01
9.029440241843431636e-01
9.109492667663233734e-01
9.122507811753468587e-01
7.879341059038710293e-01
7.901074394021083691e-01
7.933606388287904876e-01
7.949827290616593434e-01
8.224758389057260644e-01
8.202483623503260546e-01
8.435762659170777944e-01
8.402244204421728258e-01
8.508017672590725278e-01
8.529775563814808725e-01
8.664022824350532392e-01
8.700701420629634031e-01
8.736429729907290165e-01
8.703355931969501968e-01
8.826597016910576743e-01
8.823310304732424614e-01
8.828510378148881621e-01
8.883029079307627196e-01
9.011346377213816927e-01
8.977586502088148457e-01
9.064312262113827234e-01
9.077458550215242727e-01
7.726212445017970332e-01
7.743511191255593173e-01
7.811649010611017019e-01
7.827506779086194078e-01
8.149871277804211500e-01
8.131566088934283343e-01
8.411937261130626453e-01
8.379379058539389025e-01
8.524553366889429107e-01
8.542604290937240163e-01
8.702105320096557017e-01
8.737827914077618274e-01
8.825601816188811677e-01
8.791473162450100798e-01
8.958529721932979584e-01
8.952796242746473565e-01
8.997986938244015853e-01
9.049961144666615054e-01
9.195489079910127428e-01
9.155366813807211956e-01
9.270966557888823401e-01
9.282402721536460177e-01
7.661765094279728849e-01
7.681572151182566310e-01
7.757214081386278881e-01
7.771258172272944575e-01
8.106593874618319706e-01
8.087594174664133329e-01
8.379449056201843105e-01
8.345683122009429633e-01
8.500899560465338123e-01
8.517898490110329401e-01
8.684306747726825426e-01
8.720074413026366322e-01
8.818933707890597162e-01
8.783579118075762748e-01
8.959478022412269427e-01
8.954355893307462955e-01
9.010647747983808742e-01
9.063344297552689000e-01
9.205736483249903346e-01
9.167019588870771729e-01
9.288329517808914249e-01
9.300360007795097639e-01
7.636804039141179556e-01
7.656032105008667710e-01
7.708223585454208049e-01
7.724170870101063624e-01
8.082226175592297501e-01
8.066497082400149177e-01
8.357071918832680302e-01
8.326916913542135035e-01
8.486980503906664808e-01
8.503926361422794455e-01
8.677462500711696780e-01
8.715298631471491975e-01
8.811052011192586075e-01
8.777170685363668845e-01
8.957169218173008929e-01
8.950290743544462302e-01
9.042521194854875599e-01
9.079324089953084709e-01
9.251073457716951776e-01
9.208358558757707701e-01
9.329493231550038956e-01
9.334416665706659622e-01
7.625286149672820812e-01
7.650557716694071919e-01
7.730318529739237388e-01
7.739845898631013688e-01
8.103647988684121728e-01
8.080058761310139337e-01
8.388532476494829915e-01
8.350417492262496300e-01
8.535445797879490648e-01
8.550082259102702587e-01
8.710222522565760350e-01
8.748037982744066854e-01
8.879750274830975343e-01
8.840429111015546404e-01
9.012470827860079581e-01
9.010370044324931271e-01
9.093249144322252953e-01
9.144978334957541977e-01
9.293398766778216968e-01
9.260316515170314844e-01
9.385970640706420287e-01
9.399219097818165558e-01
7.660566003226306764e-01
7.671836130219248373e-01
7.704820463752044546e-01
7.721108327242947045e-01
8.115095258658822086e-01
8.101479739754328113e-01
8.417292425262703492e-01
8.385276313865439590e-01
8.549117222571153141e-01
8.563870380445568475e-01
8.761936770123109897e-01
8.797939591309553720e-01
8.893774266807649154e-01
8.858496512401621281e-01
9.037439455371071295e-01
9.030344591862975445e-01
9.120562996601419004e-01
9.167577441577595687e-01
9.371967146347882638e-01
9.327838958713908779e-01
9.454485149101149455e-01
9.463734267977087500e-01
7.491446462294367725e-01
7.506659746481120221e-01
7.568016599846139059e-01
7.581079172905019758e-01
8.016012397892171570e-01
8.000261780577885284e-01
8.356726499395658037e-01
8.321850853505733392e-01
8.522313446702474149e-01
8.534082391693257330e-01
8.746733399406770859e-01
8.782636236429821608e-01
8.924266653628136758e-01
8.886670930729922979e-01
9.090925451815580205e-01
9.084194531956780727e-01
9.203780587860190820e-01
9.252265861707831274e-01
9.464015730945242177e-01
9.421008130009219661e-01
9.568324529344878204e-01
9.578368814786519803e-01
7.375376990958817380e-01
7.389927170081616037e-01
7.489085424827938153e-01
7.498736352299777419e-01
7.967068384652936652e-01
7.950616143281031833e-01
8.344883408412621106e-01
8.307171566481149627e-01
8.544932761298562607e-01
8.553460937238048789e-01
8.776921566810095277e-01
8.812634010232455184e-01
9.004577477302427857e-01
8.963380046742192020e-01
9.195141233089679789e-01
9.189207466532424151e-01
9.333682718900295772e-01
9.386354465403380365e-01
9.594164257409251162e-01
9.551086129721311213e-01
9.719641272900105822e-01
9.732152394514930194e-01
7.286375061189508395e-01
7.306204607492804426e-01
7.420313283138455507e-01
7.426650148813417340e-01
7.916800448540205482e-01
7.894255364688597121e-01
8.309886153075852766e-01
8.267357887924662307e-01
8.525534616285930234e-01
8.533329741690853787e-01
8.759325253650365184e-01
8.795924049573582426e-01
9.011419690842553676e-01
8.967722034247559426e-01
9.202455850723023634e-01
9.198545306802885513e-01
9.349470343248824644e-01
9.409206433558618965e-01
9.611139264952158756e-01
9.572733907379147311e-01
9.748880325960926907e-01
9.765163761335785564e-01
