1.000000000000000000e+00
1.000000000000000000e+00
1.000000000000000000e+00
1.000000000000000000e+00
1.000000000000000000e+00
1.000000000000000000e+00
1.000000000000000000e+00
1.000000000000000000e+00
1.000000000000000000e+00
1.000000000000000000e+00
1.000000000000000000e+00
1.000000000000000000e+00
1.000000000000000000e+00
1.000000000000000000e+00
1.000000000000000000e+00
1.000000000000000000e+00
1.000000000000000000e+00
1.000000000000000000e+00
1.000000000000000000e+00
1.000000000000000000e+00
1.000000000000000000e+00
1.000000000000000000e+00
1.000000000000000000e+00
1.000000000000000000e+00
1.000000000000000000e+00
1.000000000000000000e+00
1.000000000000000000e+00
1.000000000000000000e+00
1.000000000000000000e+00
1.000000000000000000e+00
1.000000000000000000e+00
1.000000000000000000e+00
1.000000000000000000e+00
1.000000000000000000e+00
1.000000000000000000e+00
1.000000000000000000e+00
1.000000000000000000e+00
1.000000000000000000e+00
1.000000000000000000e+00
1.000000000000000000e+00
1.000000000000000000e+00
1.000000000000000000e+00
1.000000000000000000e+00
1.000000000000000000e+00
1.000000000000000000e+00
1.000000000000000000e+00
1.000000000000000000e+00
1.000000000000000000e+00
1.000000000000000000e+00
1.000000000000000000e+00
1.000000000000000000e+00
1.000000000000000000e+00
1.000000000000000000e+00
1.000000000000000000e+00
1.000000000000000000e+00
1.000000000000000000e+00
1.000000000000000000e+00
1.000000000000000000e+00
1.000000000000000000e+00
1.000000000000000000e+00
1.000000000000000000e+00
1.000000000000000000e+00
1.000000000000000000e+00
1.000000000000000000e+00
1.000000000000000000e+00
1.000000000000000000e+00
1.000000000000000000e+00
1.000000000000000000e+00
1.000000000000000000e+00
1.000000000000000000e+00
1.000000000000000000e+00
1.000000000000000000e+00
1.000000000000000000e+00
1.000000000000000000e+00
1.000000000000000000e+00
1.000000000000000000e+00
1.000000000000000000e+00
1.000000000000000000e+00
1.000000000000000000e+00
1.000000000000000000e+00
1.000000000000000000e+00
1.000000000000000000e+00
1.000000000000000000e+00
1.000000000000000000e+00
1.000000000000000000e+00
1.000000000000000000e+00
1.000000000000000000e+00
1.000000000000000000e+00
6.779646647777115565e-01
6.779646647777115565e-01
6.779646647777115565e-01
6.779646647777115565e-01
6.779646647777115565e-01
6.779646647777115565e-01
6.779646647777115565e-01
6.779646647777115565e-01
6.779646647777115565e-01
6.779646647777115565e-01
6.779646647777115565e-01
6.779646647777115565e-01
6.779646647777115565e-01
6.779646647777115565e-01
6.779646647777115565e-01
6.779646647777115565e-01
6.779646647777115565e-01
6.779646647777115565e-01
6.779646647777115565e-01
6.779646647777115565e-01
6.779646647777115565e-01
6.779646647777115565e-01
1.000000000000000000e+00
1.000000000000000000e+00
1.000000000000000000e+00
1.000000000000000000e+00
1.000000000000000000e+00
1.000000000000000000e+00
1.000000000000000000e+00
1.000000000000000000e+00
1.000000000000000000e+00
1.000000000000000000e+00
1.000000000000000000e+00
1.000000000000000000e+00
1.000000000000000000e+00
1.000000000000000000e+00
1.000000000000000000e+00
1.000000000000000000e+00
1.000000000000000000e+00
1.000000000000000000e+00
1.000000000000000000e+00
1.000000000000000000e+00
1.000000000000000000e+00
1.000000000000000000e+00
7.642593141499434140e-01
7.642593141499434140e-01
7.642593141499434140e-01
7.642593141499434140e-01
7.642593141499434140e-01
7.642593141499434140e-01
7.642593141499434140e-01
7.642593141499434140e-01
7.642593141499434140e-01
7.642593141499434140e-01
7.642593141499434140e-01
7.642593141499434140e-01
7.642593141499434140e-01
7.642593141499434140e-01
7.642593141499434140e-01
7.642593141499434140e-01
7.642593141499434140e-01
7.642593141499434140e-01
7.642593141499434140e-01
7.642593141499434140e-01
7.642593141499434140e-01
7.642593141499434140e-01
7.787490259843501406e-01
7.787490259843501406e-01
7.787490259843501406e-01
7.787490259843501406e-01
7.787490259843501406e-01
7.787490259843501406e-01
7.787490259843501406e-01
7.787490259843501406e-01
7.787490259843501406e-01
7.787490259843501406e-01
7.787490259843501406e-01
7.787490259843501406e-01
7.787490259843501406e-01
7.787490259843501406e-01
7.787490259843501406e-01
7.787490259843501406e-01
7.787490259843501406e-01
7.787490259843501406e-01
7.787490259843501406e-01
7.787490259843501406e-01
7.787490259843501406e-01
7.787490259843501406e-01
9.673173636332862424e-01
9.673173636332862424e-01
9.673173636332862424e-01
9.673173636332862424e-01
9.673173636332862424e-01
9.673173636332862424e-01
9.673173636332862424e-01
9.673173636332862424e-01
9.673173636332862424e-01
9.673173636332862424e-01
9.673173636332862424e-01
9.673173636332862424e-01
9.673173636332862424e-01
9.673173636332862424e-01
9.673173636332862424e-01
9.673173636332862424e-01
9.673173636332862424e-01
9.673173636332862424e-01
9.673173636332862424e-01
9.673173636332862424e-01
9.673173636332862424e-01
9.673173636332862424e-01
9.464253736245265003e-01
9.464253736245265003e-01
9.464253736245265003e-01
9.464253736245265003e-01
9.464253736245265003e-01
9.464253736245265003e-01
9.464253736245265003e-01
9.464253736245265003e-01
9.464253736245265003e-01
9.464253736245265003e-01
9.464253736245265003e-01
9.464253736245265003e-01
9.464253736245265003e-01
9.464253736245265003e-01
9.464253736245265003e-01
9.464253736245265003e-01
9.464253736245265003e-01
9.464253736245265003e-01
9.464253736245265003e-01
9.464253736245265003e-01
9.464253736245265003e-01
9.464253736245265003e-01
8.074895207335918146e-01
8.074895207335918146e-01
8.074895207335918146e-01
8.074895207335918146e-01
8.074895207335918146e-01
8.074895207335918146e-01
8.074895207335918146e-01
8.074895207335918146e-01
8.074895207335918146e-01
8.074895207335918146e-01
8.074895207335918146e-01
8.074895207335918146e-01
8.074895207335918146e-01
8.074895207335918146e-01
8.074895207335918146e-01
8.074895207335918146e-01
8.074895207335918146e-01
8.074895207335918146e-01
8.074895207335918146e-01
8.074895207335918146e-01
8.074895207335918146e-01
8.074895207335918146e-01
8.622505824005598507e-01
8.622505824005598507e-01
8.622505824005598507e-01
8.622505824005598507e-01
8.622505824005598507e-01
8.622505824005598507e-01
8.622505824005598507e-01
8.622505824005598507e-01
8.622505824005598507e-01
8.622505824005598507e-01
8.622505824005598507e-01
8.622505824005598507e-01
8.622505824005598507e-01
8.622505824005598507e-01
8.622505824005598507e-01
8.622505824005598507e-01
8.622505824005598507e-01
8.622505824005598507e-01
8.622505824005598507e-01
8.622505824005598507e-01
8.622505824005598507e-01
8.622505824005598507e-01
9.734633604444778987e-01
9.734633604444778987e-01
9.734633604444778987e-01
9.734633604444778987e-01
9.734633604444778987e-01
9.734633604444778987e-01
9.734633604444778987e-01
9.734633604444778987e-01
9.734633604444778987e-01
9.734633604444778987e-01
9.734633604444778987e-01
9.734633604444778987e-01
9.734633604444778987e-01
9.734633604444778987e-01
9.734633604444778987e-01
9.734633604444778987e-01
9.734633604444778987e-01
9.734633604444778987e-01
9.734633604444778987e-01
9.734633604444778987e-01
9.734633604444778987e-01
9.734633604444778987e-01
8.406791397302780799e-01
8.406791397302780799e-01
8.406791397302780799e-01
8.406791397302780799e-01
8.406791397302780799e-01
8.406791397302780799e-01
8.406791397302780799e-01
8.406791397302780799e-01
8.406791397302780799e-01
8.406791397302780799e-01
8.406791397302780799e-01
8.406791397302780799e-01
8.406791397302780799e-01
8.406791397302780799e-01
8.406791397302780799e-01
8.406791397302780799e-01
8.406791397302780799e-01
8.406791397302780799e-01
8.406791397302780799e-01
8.406791397302780799e-01
8.406791397302780799e-01
8.406791397302780799e-01
7.757096286690197129e-01
7.757096286690197129e-01
7.757096286690197129e-01
7.757096286690197129e-01
7.757096286690197129e-01
7.757096286690197129e-01
7.757096286690197129e-01
7.757096286690197129e-01
7.757096286690197129e-01
7.757096286690197129e-01
7.757096286690197129e-01
7.757096286690197129e-01
7.757096286690197129e-01
7.757096286690197129e-01
7.757096286690197129e-01
7.757096286690197129e-01
7.757096286690197129e-01
7.757096286690197129e-01
7.757096286690197129e-01
7.757096286690197129e-01
7.757096286690197129e-01
7.757096286690197129e-01
8.759490389727057069e-01
8.759490389727057069e-01
8.759490389727057069e-01
8.759490389727057069e-01
8.759490389727057069e-01
8.759490389727057069e-01
8.759490389727057069e-01
8.759490389727057069e-01
8.759490389727057069e-01
8.759490389727057069e-01
8.759490389727057069e-01
8.759490389727057069e-01
8.759490389727057069e-01
8.759490389727057069e-01
8.759490389727057069e-01
8.759490389727057069e-01
8.759490389727057069e-01
8.759490389727057069e-01
8.759490389727057069e-01
8.759490389727057069e-01
8.759490389727057069e-01
8.759490389727057069e-01
9.063934580923648232e-01
9.063934580923648232e-01
9.063934580923648232e-01
9.063934580923648232e-01
9.063934580923648232e-01
9.063934580923648232e-01
9.063934580923648232e-01
9.063934580923648232e-01
9.063934580923648232e-01
9.063934580923648232e-01
9.063934580923648232e-01
9.063934580923648232e-01
9.063934580923648232e-01
9.063934580923648232e-01
9.063934580923648232e-01
9.063934580923648232e-01
9.063934580923648232e-01
9.063934580923648232e-01
9.063934580923648232e-01
9.063934580923648232e-01
9.063934580923648232e-01
9.063934580923648232e-01
9.054255673453718289e-01
9.054255673453718289e-01
9.054255673453718289e-01
9.054255673453718289e-01
9.054255673453718289e-01
9.054255673453718289e-01
9.054255673453718289e-01
9.054255673453718289e-01
9.054255673453718289e-01
9.054255673453718289e-01
9.054255673453718289e-01
9.054255673453718289e-01
9.054255673453718289e-01
9.054255673453718289e-01
9.054255673453718289e-01
9.054255673453718289e-01
9.054255673453718289e-01
9.054255673453718289e-01
9.054255673453718289e-01
9.054255673453718289e-01
9.054255673453718289e-01
9.054255673453718289e-01
8.389177188603578195e-01
8.389177188603578195e-01
8.389177188603578195e-01
8.389177188603578195e-01
8.389177188603578195e-01
8.389177188603578195e-01
8.389177188603578195e-01
8.389177188603578195e-01
8.389177188603578195e-01
8.389177188603578195e-01
8.389177188603578195e-01
8.389177188603578195e-01
8.389177188603578195e-01
8.389177188603578195e-01
8.389177188603578195e-01
8.389177188603578195e-01
8.389177188603578195e-01
8.389177188603578195e-01
8.389177188603578195e-01
8.389177188603578195e-01
8.389177188603578195e-01
8.389177188603578195e-01
8.186927389850988668e-01
8.186927389850988668e-01
8.186927389850988668e-01
8.186927389850988668e-01
8.186927389850988668e-01
8.186927389850988668e-01
8.186927389850988668e-01
8.186927389850988668e-01
8.186927389850988668e-01
8.186927389850988668e-01
8.186927389850988668e-01
8.186927389850988668e-01
8.186927389850988668e-01
8.186927389850988668e-01
8.186927389850988668e-01
8.186927389850988668e-01
8.186927389850988668e-01
8.186927389850988668e-01
8.186927389850988668e-01
8.186927389850988668e-01
8.186927389850988668e-01
8.186927389850988668e-01
8.632468504906873896e-01
8.632468504906873896e-01
8.632468504906873896e-01
8.632468504906873896e-01
8.632468504906873896e-01
8.632468504906873896e-01
8.632468504906873896e-01
8.632468504906873896e-01
8.632468504906873896e-01
8.632468504906873896e-01
8.632468504906873896e-01
8.632468504906873896e-01
8.632468504906873896e-01
8.632468504906873896e-01
8.632468504906873896e-01
8.632468504906873896e-01
8.632468504906873896e-01
8.632468504906873896e-01
8.632468504906873896e-01
8.632468504906873896e-01
8.632468504906873896e-01
8.632468504906873896e-01
9.459397069145658588e-01
9.459397069145658588e-01
9.459397069145658588e-01
9.459397069145658588e-01
9.459397069145658588e-01
9.459397069145658588e-01
9.459397069145658588e-01
9.459397069145658588e-01
9.459397069145658588e-01
9.459397069145658588e-01
9.459397069145658588e-01
9.459397069145658588e-01
9.459397069145658588e-01
9.459397069145658588e-01
9.459397069145658588e-01
9.459397069145658588e-01
9.459397069145658588e-01
9.459397069145658588e-01
9.459397069145658588e-01
9.459397069145658588e-01
9.459397069145658588e-01
9.459397069145658588e-01
8.740650446406224017e-01
8.740650446406224017e-01
8.740650446406224017e-01
8.740650446406224017e-01
8.740650446406224017e-01
8.740650446406224017e-01
8.740650446406224017e-01
8.740650446406224017e-01
8.740650446406224017e-01
8.740650446406224017e-01
8.740650446406224017e-01
8.740650446406224017e-01
8.740650446406224017e-01
8.740650446406224017e-01
8.740650446406224017e-01
8.740650446406224017e-01
8.740650446406224017e-01
8.740650446406224017e-01
8.740650446406224017e-01
8.740650446406224017e-01
8.740650446406224017e-01
8.740650446406224017e-01
8.283827403806457434e-01
8.283827403806457434e-01
8.283827403806457434e-01
8.283827403806457434e-01
8.283827403806457434e-01
8.283827403806457434e-01
8.283827403806457434e-01
8.283827403806457434e-01
8.283827403806457434e-01
8.283827403806457434e-01
8.283827403806457434e-01
8.283827403806457434e-01
8.283827403806457434e-01
8.283827403806457434e-01
8.283827403806457434e-01
8.283827403806457434e-01
8.283827403806457434e-01
8.283827403806457434e-01
8.283827403806457434e-01
8.283827403806457434e-01
8.283827403806457434e-01
8.283827403806457434e-01
8.348598497724728507e-01
8.348598497724728507e-01
8.348598497724728507e-01
8.348598497724728507e-01
8.348598497724728507e-01
8.348598497724728507e-01
8.348598497724728507e-01
8.348598497724728507e-01
8.348598497724728507e-01
8.348598497724728507e-01
8.348598497724728507e-01
8.348598497724728507e-01
8.348598497724728507e-01
8.348598497724728507e-01
8.348598497724728507e-01
8.348598497724728507e-01
8.348598497724728507e-01
8.348598497724728507e-01
8.348598497724728507e-01
8.348598497724728507e-01
8.348598497724728507e-01
8.348598497724728507e-01
8.678405742700618930e-01
8.678405742700618930e-01
8.678405742700618930e-01
8.678405742700618930e-01
8.678405742700618930e-01
8.678405742700618930e-01
8.678405742700618930e-01
8.678405742700618930e-01
8.678405742700618930e-01
8.678405742700618930e-01
8.678405742700618930e-01
8.678405742700618930e-01
8.678405742700618930e-01
8.678405742700618930e-01
8.678405742700618930e-01
8.678405742700618930e-01
8.678405742700618930e-01
8.678405742700618930e-01
8.678405742700618930e-01
8.678405742700618930e-01
8.678405742700618930e-01
8.678405742700618930e-01
9.591700115172823171e-01
9.591700115172823171e-01
9.591700115172823171e-01
9.591700115172823171e-01
9.591700115172823171e-01
9.591700115172823171e-01
9.591700115172823171e-01
9.591700115172823171e-01
9.591700115172823171e-01
9.591700115172823171e-01
9.591700115172823171e-01
9.591700115172823171e-01
9.591700115172823171e-01
9.591700115172823171e-01
9.591700115172823171e-01
9.591700115172823171e-01
9.591700115172823171e-01
9.591700115172823171e-01
9.591700115172823171e-01
9.591700115172823171e-01
9.591700115172823171e-01
9.591700115172823171e-01
9.216218926439718739e-01
9.216218926439718739e-01
9.216218926439718739e-01
9.216218926439718739e-01
9.216218926439718739e-01
9.216218926439718739e-01
9.216218926439718739e-01
9.216218926439718739e-01
9.216218926439718739e-01
9.216218926439718739e-01
9.216218926439718739e-01
9.216218926439718739e-01
9.216218926439718739e-01
9.216218926439718739e-01
9.216218926439718739e-01
9.216218926439718739e-01
9.216218926439718739e-01
9.216218926439718739e-01
9.216218926439718739e-01
9.216218926439718739e-01
9.216218926439718739e-01
9.216218926439718739e-01
8.529735343914494061e-01
8.529735343914494061e-01
8.529735343914494061e-01
8.529735343914494061e-01
8.529735343914494061e-01
8.529735343914494061e-01
8.529735343914494061e-01
8.529735343914494061e-01
8.529735343914494061e-01
8.529735343914494061e-01
8.529735343914494061e-01
8.529735343914494061e-01
8.529735343914494061e-01
8.529735343914494061e-01
8.529735343914494061e-01
8.529735343914494061e-01
8.529735343914494061e-01
8.529735343914494061e-01
8.529735343914494061e-01
8.529735343914494061e-01
8.529735343914494061e-01
8.529735343914494061e-01
8.768346992022740816e-01
8.768346992022740816e-01
8.768346992022740816e-01
8.768346992022740816e-01
8.768346992022740816e-01
8.768346992022740816e-01
8.768346992022740816e-01
8.768346992022740816e-01
8.768346992022740816e-01
8.768346992022740816e-01
8.768346992022740816e-01
8.768346992022740816e-01
8.768346992022740816e-01
8.768346992022740816e-01
8.768346992022740816e-01
8.768346992022740816e-01
8.768346992022740816e-01
8.768346992022740816e-01
8.768346992022740816e-01
8.768346992022740816e-01
8.768346992022740816e-01
8.768346992022740816e-01
8.345625526996083288e-01
8.345625526996083288e-01
8.345625526996083288e-01
8.345625526996083288e-01
8.345625526996083288e-01
8.345625526996083288e-01
8.345625526996083288e-01
8.345625526996083288e-01
8.345625526996083288e-01
8.345625526996083288e-01
8.345625526996083288e-01
8.345625526996083288e-01
8.345625526996083288e-01
8.345625526996083288e-01
8.345625526996083288e-01
8.345625526996083288e-01
8.345625526996083288e-01
8.345625526996083288e-01
8.345625526996083288e-01
8.345625526996083288e-01
8.345625526996083288e-01
8.345625526996083288e-01
9.045856191874344088e-01
9.045856191874344088e-01
9.045856191874344088e-01
9.045856191874344088e-01
9.045856191874344088e-01
9.045856191874344088e-01
9.045856191874344088e-01
9.045856191874344088e-01
9.045856191874344088e-01
9.045856191874344088e-01
9.045856191874344088e-01
9.045856191874344088e-01
9.045856191874344088e-01
9.045856191874344088e-01
9.045856191874344088e-01
9.045856191874344088e-01
9.045856191874344088e-01
9.045856191874344088e-01
9.045856191874344088e-01
9.045856191874344088e-01
9.045856191874344088e-01
9.045856191874344088e-01
9.880672244751923516e-01
9.880672244751923516e-01
9.880672244751923516e-01
9.880672244751923516e-01
9.880672244751923516e-01
9.880672244751923516e-01
9.880672244751923516e-01
9.880672244751923516e-01
9.880672244751923516e-01
9.880672244751923516e-01
9.880672244751923516e-01
9.880672244751923516e-01
9.880672244751923516e-01
9.880672244751923516e-01
9.880672244751923516e-01
9.880672244751923516e-01
9.880672244751923516e-01
9.880672244751923516e-01
9.880672244751923516e-01
9.880672244751923516e-01
9.880672244751923516e-01
9.880672244751923516e-01
9.268677837240435480e-01
9.335152679194035352e-01
8.677784214494778103e-01
8.747622047403766921e-01
8.671385634528561148e-01
8.710627594380171423e-01
8.612328945039541273e-01
8.576959232144160117e-01
8.493164495245261181e-01
8.575398772148665749e-01
8.729809389003341247e-01
8.737157372307233771e-01
8.728968662083133045e-01
8.616887979473681902e-01
8.903210845504483384e-01
8.900594233834185909e-01
8.967801775656218943e-01
9.043471264107200147e-01
9.326795353576661229e-01
9.369951030967188510e-01
9.697924950466194627e-01
9.743891321816884332e-01
9.268677837240435480e-01
9.335152679194035352e-01
8.677784214494778103e-01
8.747622047403766921e-01
8.671385634528561148e-01
8.710627594380171423e-01
8.612328945039541273e-01
8.576959232144160117e-01
8.493164495245261181e-01
8.575398772148665749e-01
8.729809389003341247e-01
8.737157372307233771e-01
8.728968662083133045e-01
8.616887979473681902e-01
8.903210845504483384e-01
8.900594233834185909e-01
8.967801775656218943e-01
9.043471264107200147e-01
9.326795353576661229e-01
9.369951030967188510e-01
9.697924950466194627e-01
9.743891321816884332e-01
9.268677837240435480e-01
9.335152679194035352e-01
8.677784214494778103e-01
8.747622047403766921e-01
8.671385634528561148e-01
8.710627594380171423e-01
8.612328945039541273e-01
8.576959232144160117e-01
8.493164495245261181e-01
8.575398772148665749e-01
8.729809389003341247e-01
8.737157372307233771e-01
8.728968662083133045e-01
8.616887979473681902e-01
8.903210845504483384e-01
8.900594233834185909e-01
8.967801775656218943e-01
9.043471264107200147e-01
9.326795353576661229e-01
9.369951030967188510e-01
9.697924950466194627e-01
9.743891321816884332e-01
9.268677837240435480e-01
9.335152679194035352e-01
8.677784214494778103e-01
8.747622047403766921e-01
8.671385634528561148e-01
8.710627594380171423e-01
8.612328945039541273e-01
8.576959232144160117e-01
8.493164495245261181e-01
8.575398772148665749e-01
8.729809389003341247e-01
8.737157372307233771e-01
8.728968662083133045e-01
8.616887979473681902e-01
8.903210845504483384e-01
8.900594233834185909e-01
8.967801775656218943e-01
9.043471264107200147e-01
9.326795353576661229e-01
9.369951030967188510e-01
9.697924950466194627e-01
9.743891321816884332e-01
9.268677837240435480e-01
9.335152679194035352e-01
8.677784214494778103e-01
8.747622047403766921e-01
8.671385634528561148e-01
8.710627594380171423e-01
8.612328945039541273e-01
8.576959232144160117e-01
8.493164495245261181e-01
8.575398772148665749e-01
8.729809389003341247e-01
8.737157372307233771e-01
8.728968662083133045e-01
8.616887979473681902e-01
8.903210845504483384e-01
8.900594233834185909e-01
8.967801775656218943e-01
9.043471264107200147e-01
9.326795353576661229e-01
9.369951030967188510e-01
9.697924950466194627e-01
9.743891321816884332e-01
9.268677837240435480e-01
9.335152679194035352e-01
8.677784214494778103e-01
8.747622047403766921e-01
8.671385634528561148e-01
8.710627594380171423e-01
8.612328945039541273e-01
8.576959232144160117e-01
8.493164495245261181e-01
8.575398772148665749e-01
8.729809389003341247e-01
8.737157372307233771e-01
8.728968662083133045e-01
8.616887979473681902e-01
8.903210845504483384e-01
8.900594233834185909e-01
8.967801775656218943e-01
9.043471264107200147e-01
9.326795353576661229e-01
9.369951030967188510e-01
9.697924950466194627e-01
9.743891321816884332e-01
9.268677837240435480e-01
9.335152679194035352e-01
8.677784214494778103e-01
8.747622047403766921e-01
8.671385634528561148e-01
8.710627594380171423e-01
8.612328945039541273e-01
8.576959232144160117e-01
8.493164495245261181e-01
8.575398772148665749e-01
8.729809389003341247e-01
8.737157372307233771e-01
8.728968662083133045e-01
8.616887979473681902e-01
8.903210845504483384e-01
8.900594233834185909e-01
8.967801775656218943e-01
9.043471264107200147e-01
9.326795353576661229e-01
9.369951030967188510e-01
9.697924950466194627e-01
9.743891321816884332e-01
9.268677837240435480e-01
9.335152679194035352e-01
8.677784214494778103e-01
8.747622047403766921e-01
8.671385634528561148e-01
8.710627594380171423e-01
8.612328945039541273e-01
8.576959232144160117e-01
8.493164495245261181e-01
8.575398772148665749e-01
8.729809389003341247e-01
8.737157372307233771e-01
8.728968662083133045e-01
8.616887979473681902e-01
8.903210845504483384e-01
8.900594233834185909e-01
8.967801775656218943e-01
9.043471264107200147e-01
9.326795353576661229e-01
9.369951030967188510e-01
9.697924950466194627e-01
9.743891321816884332e-01
9.268677837240435480e-01
9.335152679194035352e-01
8.677784214494778103e-01
8.747622047403766921e-01
8.671385634528561148e-01
8.710627594380171423e-01
8.612328945039541273e-01
8.576959232144160117e-01
8.493164495245261181e-01
8.575398772148665749e-01
8.729809389003341247e-01
8.737157372307233771e-01
8.728968662083133045e-01
8.616887979473681902e-01
8.903210845504483384e-01
8.900594233834185909e-01
8.967801775656218943e-01
9.043471264107200147e-01
9.326795353576661229e-01
9.369951030967188510e-01
9.697924950466194627e-01
9.743891321816884332e-01
9.268677837240435480e-01
9.335152679194035352e-01
8.677784214494778103e-01
8.747622047403766921e-01
8.671385634528561148e-01
8.710627594380171423e-01
8.612328945039541273e-01
8.576959232144160117e-01
8.493164495245261181e-01
8.575398772148665749e-01
8.729809389003341247e-01
8.737157372307233771e-01
8.728968662083133045e-01
8.616887979473681902e-01
8.903210845504483384e-01
8.900594233834185909e-01
8.967801775656218943e-01
9.043471264107200147e-01
9.326795353576661229e-01
9.369951030967188510e-01
9.697924950466194627e-01
9.743891321816884332e-01
9.268677837240435480e-01
9.335152679194035352e-01
8.677784214494778103e-01
8.747622047403766921e-01
8.671385634528561148e-01
8.710627594380171423e-01
8.612328945039541273e-01
8.576959232144160117e-01
8.493164495245261181e-01
8.575398772148665749e-01
8.729809389003341247e-01
8.737157372307233771e-01
8.728968662083133045e-01
8.616887979473681902e-01
8.903210845504483384e-01
8.900594233834185909e-01
8.967801775656218943e-01
9.043471264107200147e-01
9.326795353576661229e-01
9.369951030967188510e-01
9.697924950466194627e-01
9.743891321816884332e-01
9.268677837240435480e-01
9.335152679194035352e-01
8.677784214494778103e-01
8.747622047403766921e-01
8.671385634528561148e-01
8.710627594380171423e-01
8.612328945039541273e-01
8.576959232144160117e-01
8.493164495245261181e-01
8.575398772148665749e-01
8.729809389003341247e-01
8.737157372307233771e-01
8.728968662083133045e-01
8.616887979473681902e-01
8.903210845504483384e-01
8.900594233834185909e-01
8.967801775656218943e-01
9.043471264107200147e-01
9.326795353576661229e-01
9.369951030967188510e-01
9.697924950466194627e-01
9.743891321816884332e-01
9.268677837240435480e-01
9.335152679194035352e-01
8.677784214494778103e-01
8.747622047403766921e-01
8.671385634528561148e-01
8.710627594380171423e-01
8.612328945039541273e-01
8.576959232144160117e-01
8.493164495245261181e-01
8.575398772148665749e-01
8.729809389003341247e-01
8.737157372307233771e-01
8.728968662083133045e-01
8.616887979473681902e-01
8.903210845504483384e-01
8.900594233834185909e-01
8.967801775656218943e-01
9.043471264107200147e-01
9.326795353576661229e-01
9.369951030967188510e-01
9.697924950466194627e-01
9.743891321816884332e-01
9.268677837240435480e-01
9.335152679194035352e-01
8.677784214494778103e-01
8.747622047403766921e-01
8.671385634528561148e-01
8.710627594380171423e-01
8.612328945039541273e-01
8.576959232144160117e-01
8.493164495245261181e-01
8.575398772148665749e-01
8.729809389003341247e-01
8.737157372307233771e-01
8.728968662083133045e-01
8.616887979473681902e-01
8.903210845504483384e-01
8.900594233834185909e-01
8.967801775656218943e-01
9.043471264107200147e-01
9.326795353576661229e-01
9.369951030967188510e-01
9.697924950466194627e-01
9.743891321816884332e-01
9.268677837240435480e-01
9.335152679194035352e-01
8.677784214494778103e-01
8.747622047403766921e-01
8.671385634528561148e-01
8.710627594380171423e-01
8.612328945039541273e-01
8.576959232144160117e-01
8.493164495245261181e-01
8.575398772148665749e-01
8.729809389003341247e-01
8.737157372307233771e-01
8.728968662083133045e-01
8.616887979473681902e-01
8.903210845504483384e-01
8.900594233834185909e-01
8.967801775656218943e-01
9.043471264107200147e-01
9.326795353576661229e-01
9.369951030967188510e-01
9.697924950466194627e-01
9.743891321816884332e-01
9.268677837240435480e-01
9.335152679194035352e-01
8.677784214494778103e-01
8.747622047403766921e-01
8.671385634528561148e-01
8.710627594380171423e-01
8.612328945039541273e-01
8.576959232144160117e-01
8.493164495245261181e-01
8.575398772148665749e-01
8.729809389003341247e-01
8.737157372307233771e-01
8.728968662083133045e-01
8.616887979473681902e-01
8.903210845504483384e-01
8.900594233834185909e-01
8.967801775656218943e-01
9.043471264107200147e-01
9.326795353576661229e-01
9.369951030967188510e-01
9.697924950466194627e-01
9.743891321816884332e-01
9.268677837240435480e-01
9.335152679194035352e-01
8.677784214494778103e-01
8.747622047403766921e-01
8.671385634528561148e-01
8.710627594380171423e-01
8.612328945039541273e-01
8.576959232144160117e-01
8.493164495245261181e-01
8.575398772148665749e-01
8.729809389003341247e-01
8.737157372307233771e-01
8.728968662083133045e-01
8.616887979473681902e-01
8.903210845504483384e-01
8.900594233834185909e-01
8.967801775656218943e-01
9.043471264107200147e-01
9.326795353576661229e-01
9.369951030967188510e-01
9.697924950466194627e-01
9.743891321816884332e-01
9.268677837240435480e-01
9.335152679194035352e-01
8.677784214494778103e-01
8.747622047403766921e-01
8.671385634528561148e-01
8.710627594380171423e-01
8.612328945039541273e-01
8.576959232144160117e-01
8.493164495245261181e-01
8.575398772148665749e-01
8.729809389003341247e-01
8.737157372307233771e-01
8.728968662083133045e-01
8.616887979473681902e-01
8.903210845504483384e-01
8.900594233834185909e-01
8.967801775656218943e-01
9.043471264107200147e-01
9.326795353576661229e-01
9.369951030967188510e-01
9.697924950466194627e-01
9.743891321816884332e-01
9.268677837240435480e-01
9.335152679194035352e-01
8.677784214494778103e-01
8.747622047403766921e-01
8.671385634528561148e-01
8.710627594380171423e-01
8.612328945039541273e-01
8.576959232144160117e-01
8.493164495245261181e-01
8.575398772148665749e-01
8.729809389003341247e-01
8.737157372307233771e-01
8.728968662083133045e-01
8.616887979473681902e-01
8.903210845504483384e-01
8.900594233834185909e-01
8.967801775656218943e-01
9.043471264107200147e-01
9.326795353576661229e-01
9.369951030967188510e-01
9.697924950466194627e-01
9.743891321816884332e-01
9.268677837240435480e-01
9.335152679194035352e-01
8.677784214494778103e-01
8.747622047403766921e-01
8.671385634528561148e-01
8.710627594380171423e-01
8.612328945039541273e-01
8.576959232144160117e-01
8.493164495245261181e-01
8.575398772148665749e-01
8.729809389003341247e-01
8.737157372307233771e-01
8.728968662083133045e-01
8.616887979473681902e-01
8.903210845504483384e-01
8.900594233834185909e-01
8.967801775656218943e-01
9.043471264107200147e-01
9.326795353576661229e-01
9.369951030967188510e-01
9.697924950466194627e-01
9.743891321816884332e-01
9.268677837240435480e-01
9.335152679194035352e-01
8.677784214494778103e-01
8.747622047403766921e-01
8.671385634528561148e-01
8.710627594380171423e-01
8.612328945039541273e-01
8.576959232144160117e-01
8.493164495245261181e-01
8.575398772148665749e-01
8.729809389003341247e-01
8.737157372307233771e-01
8.728968662083133045e-01
8.616887979473681902e-01
8.903210845504483384e-01
8.900594233834185909e-01
8.967801775656218943e-01
9.043471264107200147e-01
9.326795353576661229e-01
9.369951030967188510e-01
9.697924950466194627e-01
9.743891321816884332e-01
9.268677837240435480e-01
9.335152679194035352e-01
8.677784214494778103e-01
8.747622047403766921e-01
8.671385634528561148e-01
8.710627594380171423e-01
8.612328945039541273e-01
8.576959232144160117e-01
8.493164495245261181e-01
8.575398772148665749e-01
8.729809389003341247e-01
8.737157372307233771e-01
8.728968662083133045e-01
8.616887979473681902e-01
8.903210845504483384e-01
8.900594233834185909e-01
8.967801775656218943e-01
9.043471264107200147e-01
9.326795353576661229e-01
9.369951030967188510e-01
9.697924950466194627e-01
9.743891321816884332e-01
9.268677837240435480e-01
9.335152679194035352e-01
8.677784214494778103e-01
8.747622047403766921e-01
8.671385634528561148e-01
8.710627594380171423e-01
8.612328945039541273e-01
8.576959232144160117e-01
8.493164495245261181e-01
8.575398772148665749e-01
8.729809389003341247e-01
8.737157372307233771e-01
8.728968662083133045e-01
8.616887979473681902e-01
8.903210845504483384e-01
8.900594233834185909e-01
8.967801775656218943e-01
9.043471264107200147e-01
9.326795353576661229e-01
9.369951030967188510e-01
9.697924950466194627e-01
9.743891321816884332e-01
9.268677837240435480e-01
9.335152679194035352e-01
8.677784214494778103e-01
8.747622047403766921e-01
8.671385634528561148e-01
8.710627594380171423e-01
8.612328945039541273e-01
8.576959232144160117e-01
8.493164495245261181e-01
8.575398772148665749e-01
8.729809389003341247e-01
8.737157372307233771e-01
8.728968662083133045e-01
8.616887979473681902e-01
8.903210845504483384e-01
8.900594233834185909e-01
8.967801775656218943e-01
9.043471264107200147e-01
9.326795353576661229e-01
9.369951030967188510e-01
9.697924950466194627e-01
9.743891321816884332e-01
9.268677837240435480e-01
9.335152679194035352e-01
8.677784214494778103e-01
8.747622047403766921e-01
8.671385634528561148e-01
8.710627594380171423e-01
8.612328945039541273e-01
8.576959232144160117e-01
8.493164495245261181e-01
8.575398772148665749e-01
8.729809389003341247e-01
8.737157372307233771e-01
8.728968662083133045e-01
8.616887979473681902e-01
8.903210845504483384e-01
8.900594233834185909e-01
8.967801775656218943e-01
9.043471264107200147e-01
9.326795353576661229e-01
9.369951030967188510e-01
9.697924950466194627e-01
9.743891321816884332e-01
9.268677837240435480e-01
9.335152679194035352e-01
8.677784214494778103e-01
8.747622047403766921e-01
8.671385634528561148e-01
8.710627594380171423e-01
8.612328945039541273e-01
8.576959232144160117e-01
8.493164495245261181e-01
8.575398772148665749e-01
8.729809389003341247e-01
8.737157372307233771e-01
8.728968662083133045e-01
8.616887979473681902e-01
8.903210845504483384e-01
8.900594233834185909e-01
8.967801775656218943e-01
9.043471264107200147e-01
9.326795353576661229e-01
9.369951030967188510e-01
9.697924950466194627e-01
9.743891321816884332e-01
9.268677837240435480e-01
9.335152679194035352e-01
8.677784214494778103e-01
8.747622047403766921e-01
8.671385634528561148e-01
8.710627594380171423e-01
8.612328945039541273e-01
8.576959232144160117e-01
8.493164495245261181e-01
8.575398772148665749e-01
8.729809389003341247e-01
8.737157372307233771e-01
8.728968662083133045e-01
8.616887979473681902e-01
8.903210845504483384e-01
8.900594233834185909e-01
8.967801775656218943e-01
9.043471264107200147e-01
9.326795353576661229e-01
9.369951030967188510e-01
9.697924950466194627e-01
9.743891321816884332e-01
9.268677837240435480e-01
9.335152679194035352e-01
8.677784214494778103e-01
8.747622047403766921e-01
8.671385634528561148e-01
8.710627594380171423e-01
8.612328945039541273e-01
8.576959232144160117e-01
8.493164495245261181e-01
8.575398772148665749e-01
8.729809389003341247e-01
8.737157372307233771e-01
8.728968662083133045e-01
8.616887979473681902e-01
8.903210845504483384e-01
8.900594233834185909e-01
8.967801775656218943e-01
9.043471264107200147e-01
9.326795353576661229e-01
9.369951030967188510e-01
9.697924950466194627e-01
9.743891321816884332e-01
9.268677837240435480e-01
9.335152679194035352e-01
8.677784214494778103e-01
8.747622047403766921e-01
8.671385634528561148e-01
8.710627594380171423e-01
8.612328945039541273e-01
8.576959232144160117e-01
8.493164495245261181e-01
8.575398772148665749e-01
8.729809389003341247e-01
8.737157372307233771e-01
8.728968662083133045e-01
8.616887979473681902e-01
8.903210845504483384e-01
8.900594233834185909e-01
8.967801775656218943e-01
9.043471264107200147e-01
9.326795353576661229e-01
9.369951030967188510e-01
9.697924950466194627e-01
9.743891321816884332e-01
9.268677837240435480e-01
9.335152679194035352e-01
8.677784214494778103e-01
8.747622047403766921e-01
8.671385634528561148e-01
8.710627594380171423e-01
8.612328945039541273e-01
8.576959232144160117e-01
8.493164495245261181e-01
8.575398772148665749e-01
8.729809389003341247e-01
8.737157372307233771e-01
8.728968662083133045e-01
8.616887979473681902e-01
8.903210845504483384e-01
8.900594233834185909e-01
8.967801775656218943e-01
9.043471264107200147e-01
9.326795353576661229e-01
9.369951030967188510e-01
9.697924950466194627e-01
9.743891321816884332e-01
9.268677837240435480e-01
9.335152679194035352e-01
8.677784214494778103e-01
8.747622047403766921e-01
8.671385634528561148e-01
8.710627594380171423e-01
8.612328945039541273e-01
8.576959232144160117e-01
8.493164495245261181e-01
8.575398772148665749e-01
8.729809389003341247e-01
8.737157372307233771e-01
8.728968662083133045e-01
8.616887979473681902e-01
8.903210845504483384e-01
8.900594233834185909e-01
8.967801775656218943e-01
9.043471264107200147e-01
9.326795353576661229e-01
9.369951030967188510e-01
9.697924950466194627e-01
9.743891321816884332e-01
9.268677837240435480e-01
9.335152679194035352e-01
8.677784214494778103e-01
8.747622047403766921e-01
8.671385634528561148e-01
8.710627594380171423e-01
8.612328945039541273e-01
8.576959232144160117e-01
8.493164495245261181e-01
8.575398772148665749e-01
8.729809389003341247e-01
8.737157372307233771e-01
8.728968662083133045e-01
8.616887979473681902e-01
8.903210845504483384e-01
8.900594233834185909e-01
8.967801775656218943e-01
9.043471264107200147e-01
9.326795353576661229e-01
9.369951030967188510e-01
9.697924950466194627e-01
9.743891321816884332e-01
9.268677837240435480e-01
9.335152679194035352e-01
8.677784214494778103e-01
8.747622047403766921e-01
8.671385634528561148e-01
8.710627594380171423e-01
8.612328945039541273e-01
8.576959232144160117e-01
8.493164495245261181e-01
8.575398772148665749e-01
8.729809389003341247e-01
8.737157372307233771e-01
8.728968662083133045e-01
8.616887979473681902e-01
8.903210845504483384e-01
8.900594233834185909e-01
8.967801775656218943e-01
9.043471264107200147e-01
9.326795353576661229e-01
9.369951030967188510e-01
9.697924950466194627e-01
9.743891321816884332e-01
8.257435091924690829e-01
8.169681196134324086e-01
8.579446366512815114e-01
8.678581453802804990e-01
8.147906757896044017e-01
8.150087574798565715e-01
8.027209485521558108e-01
8.075190690172832086e-01
8.100299301840971911e-01
8.156416674937349010e-01
7.841458132119413227e-01
7.871067300652233589e-01
7.993104593155579973e-01
8.062018023830672675e-01
8.182185548809854936e-01
8.123930515477149061e-01
8.022741228807678260e-01
7.966902523165716454e-01
8.024448774223907899e-01
7.909235003518243490e-01
7.953081462721229844e-01
7.900792520811961150e-01
8.822907320543457166e-01
8.817841602611539154e-01
9.066193494743371994e-01
9.119360672774776688e-01
8.817631321430926539e-01
8.825044258088070581e-01
8.623204353314296577e-01
8.658998712727441482e-01
8.707232129793940345e-01
8.759235946166146203e-01
8.544881839651659039e-01
8.585055185496710539e-01
8.640034747458150699e-01
8.675774910025285669e-01
8.837972763810546528e-01
8.797840270956592823e-01
8.948903257398777011e-01
8.875252804879701918e-01
8.662171666981303142e-01
8.601220503655339078e-01
8.611282882236203085e-01
8.557494114837306265e-01
7.460682619089293865e-01
7.463664019282930662e-01
7.663742023238017120e-01
7.703928783740802144e-01
8.120275582927872771e-01
8.067218726447243915e-01
8.379104098143249635e-01
8.380290981903180114e-01
8.631728918233901870e-01
8.680345601488056451e-01
8.793627340720160390e-01
8.828888149676551445e-01
9.100122294019046265e-01
9.142027647122337175e-01
9.358544500933850818e-01
9.331127180324945147e-01
9.556166044514838864e-01
9.549588318804282938e-01
9.658620693679106362e-01
9.609735573219708726e-01
9.796717961788574680e-01
9.774660120049544210e-01
9.206735269637367214e-01
9.223338514256846921e-01
9.211109467954348151e-01
9.272427067185695648e-01
8.982853591708261920e-01
8.943009099552667873e-01
8.689586707771546070e-01
8.709597427073608733e-01
8.615614598717040717e-01
8.673336810252362250e-01
8.443963612905198701e-01
8.486374419288796878e-01
8.323703684336761777e-01
8.366971264680452824e-01
8.296503999723767731e-01
8.265457147163376428e-01
8.218169644158399567e-01
8.164658124849262233e-01
8.137455651691659630e-01
8.099514100440806663e-01
8.001563666112703199e-01
7.958590115991277525e-01
7.497012763575685579e-01
7.581996986974876007e-01
7.774257857507921310e-01
7.809650860423543728e-01
8.204940957062379914e-01
8.060407614799155462e-01
8.354859104511476176e-01
8.315633566706225333e-01
8.524320260631149671e-01
8.593272760222401274e-01
8.663288816876477672e-01
8.716771174246344955e-01
8.885816573452072209e-01
8.929628239694610281e-01
9.036283196565865206e-01
9.027836128054321785e-01
9.137220019469195487e-01
9.160489545256818023e-01
9.139624847743066383e-01
9.142679369569531866e-01
9.281248384095153181e-01
9.277116954355266731e-01
7.847947428260422242e-01
7.894127675300002256e-01
8.118118271871217484e-01
8.140759177665504165e-01
8.372580021743016854e-01
8.314740388625692091e-01
8.494317368138712965e-01
8.492144849832647946e-01
8.692756183357776001e-01
8.737872048590238361e-01
8.750870435913821188e-01
8.792307575001322428e-01
9.012376084955329159e-01
9.036886027660738785e-01
9.214828139444131150e-01
9.200458252825882699e-01
9.403519349394805493e-01
9.367611264819268868e-01
9.295096257853087129e-01
9.284767514750728035e-01
9.413324944533284500e-01
9.385116819930123810e-01
9.690989858496363851e-01
9.719019587508439528e-01
9.511548755037597669e-01
9.569758566948610712e-01
9.372522309705967336e-01
9.279298276292463621e-01
9.038715420631900921e-01
9.029242228460880870e-01
8.805727699510981221e-01
8.864352638392665185e-01
8.722438907143864606e-01
8.766173892122102185e-01
8.390548022397164019e-01
8.429502724822721671e-01
8.207333445021672835e-01
8.195324501689379426e-01
7.976819385337028390e-01
7.972970666584004995e-01
7.973616370918441554e-01
7.971586009513287330e-01
7.805875400792008367e-01
7.793773470440527040e-01
7.261874829789155550e-01
7.313432788015011843e-01
7.547000428862491450e-01
7.583203747931913652e-01
8.002798912327946379e-01
7.908515014983883429e-01
8.233375198610527468e-01
8.218567031345893614e-01
8.458039070456349062e-01
8.514813950305490931e-01
8.630219077462925048e-01
8.673836577660652969e-01
8.914090824634058885e-01
8.957795855567196597e-01
9.167718337725034861e-01
9.148706092709361082e-01
9.346699498145424334e-01
9.336096465836620784e-01
9.353584335597597832e-01
9.330655313824676167e-01
9.516584212638999896e-01
9.494491517911578526e-01
7.955516707630800877e-01
7.951392800335927991e-01
8.096379368475392635e-01
8.132864111499047421e-01
8.494388814243636343e-01
8.452095240134627208e-01
8.720506239606464760e-01
8.721689202578539746e-01
8.926613842384604203e-01
8.967079091850889139e-01
9.072504292657089797e-01
9.100694795211662358e-01
9.317552116073430923e-01
9.353666918666444507e-01
9.528686707115230359e-01
9.505152977644014678e-01
9.684923958748574702e-01
9.688991997166350734e-01
9.801828586379064401e-01
9.761084274513571746e-01
9.914837990829777903e-01
9.899446335015291698e-01
9.304874264256277616e-01
9.249703628465942851e-01
9.049166687260316033e-01
9.125560790286778579e-01
8.978320695121551065e-01
8.948530436215055284e-01
8.762046572193089577e-01
8.782781523958336223e-01
8.504321216878558687e-01
8.555637395841803050e-01
8.545437520282959110e-01
8.575690291071262905e-01
8.171794806235533892e-01
8.220767333157474877e-01
8.117845218098749260e-01
8.083010857122227000e-01
7.819092487383876300e-01
7.820287068969329347e-01
7.893632264685860322e-01
7.832755248994212049e-01
7.723730082547491937e-01
7.705881614455200035e-01
9.931403806030585368e-01
9.920226062719079696e-01
9.697908278299335327e-01
9.749286396706660085e-01
9.569043913074682939e-01
9.517772796615732167e-01
9.287917753660777098e-01
9.288794851005027775e-01
9.038110163590108437e-01
9.080199049435305758e-01
9.000392269059437345e-01
9.031125375048334458e-01
8.651361225433624735e-01
8.679838179993295544e-01
8.498578467327717600e-01
8.486099193420721942e-01
8.250894659796248476e-01
8.256710087220030525e-01
8.239648151790659458e-01
8.230384018654255396e-01
8.077760028827404293e-01
8.072490439297244080e-01
7.730686845962950748e-01
7.774779940395579736e-01
7.946178623586724887e-01
7.981975557628033791e-01
8.393869367368036460e-01
8.290163080835067921e-01
8.602778386685143719e-01
8.577138278463183330e-01
8.785729103141750596e-01
8.841800529912479112e-01
8.950020492120446258e-01
8.990706430826629347e-01
9.182381211714389924e-01
9.223366693925143522e-01
9.361518167277038671e-01
9.347691425445315838e-01
9.470045909793183281e-01
9.497200542324077954e-01
9.544161097627460455e-01
9.529019973535717281e-01
9.683248483124712314e-01
9.679709072113752422e-01
7.675203833100018302e-01
7.693788163384905898e-01
7.890994667008240926e-01
7.918777254752858985e-01
8.310208518216726237e-01
8.251503686799471771e-01
8.553838603640219196e-01
8.545895543749750800e-01
8.795852264962386036e-01
8.838369634875615777e-01
8.932532100588979063e-01
8.965768258947803826e-01
9.239063092663650778e-01
9.270193743265366937e-01
9.455441154059114339e-01
9.438154296595676618e-01
9.642435582693730245e-01
9.647475294450277294e-01
9.711876448023110120e-01
9.686493886586020619e-01
9.857112922609365668e-01
9.844854931047469782e-01
9.984319983598485271e-01
9.977159014561275407e-01
9.621685030547864059e-01
9.690430602050019715e-01
9.400444915220139697e-01
9.307326729942848598e-01
8.952817585016031865e-01
8.940344440193535025e-01
8.508628251560457212e-01
8.572938643309390150e-01
8.475274312191418691e-01
8.520608300109367983e-01
7.871337771502023850e-01
7.909105166864405234e-01
7.591141805044434587e-01
7.577020047215590193e-01
7.115089810935979475e-01
7.161242484772349925e-01
7.100447115859782610e-01
7.091654453686908610e-01
6.842373774070789061e-01
6.853773446220687848e-01
8.569018784363719998e-01
8.578035746734844480e-01
8.569991987627918473e-01
8.640906257601672635e-01
8.566069623778460596e-01
8.472752778887688851e-01
8.428237752662596227e-01
8.417901824168030345e-01
8.333461514142964655e-01
8.404468934928353008e-01
8.292061549286351418e-01
8.337435564670474530e-01
8.177588509692901297e-01
8.233980260521999162e-01
8.126541742928811152e-01
8.096936082359513787e-01
7.865964482949112657e-01
7.902085316081963740e-01
7.990090668742461100e-01
7.948924932812136968e-01
7.904833241343582895e-01
7.900911595222830375e-01
7.440852809740358120e-01
7.452830755602988244e-01
7.650873918461231771e-01
7.680275031404024677e-01
8.133244740949484575e-01
8.074957591506736199e-01
8.430428050183985667e-01
8.421861433390418483e-01
8.700355315880671236e-01
8.744932190476694123e-01
8.875224153351503054e-01
8.908062747381627622e-01
9.205495376107668548e-01
9.239285784010216052e-01
9.444407770682768932e-01
9.423659372307309212e-01
9.649393813281736954e-01
9.670504091384323209e-01
9.790456902446535992e-01
9.756332116221486661e-01
9.949656412352491097e-01
9.941761887776603412e-01
7.035349894020308525e-01
6.999261967896709402e-01
7.134639841955969786e-01
7.194040424267509337e-01
7.667092387853333690e-01
7.635730554945407977e-01
8.008031995598722252e-01
8.025766755641263739e-01
8.242115324735633797e-01
8.295674711950228319e-01
8.515553334527945495e-01
8.547300129383950118e-01
8.746538678602859829e-01
8.804496166362966170e-01
9.069553622887539523e-01
9.024084230545144081e-01
9.261284748917359977e-01
9.257965821450244714e-01
9.561745437731538066e-01
9.469131363914815580e-01
9.681973164533905774e-01
9.651370680550528380e-01
9.969065662636446001e-01
9.948222764193653811e-01
9.685759263793058960e-01
9.744008473680658700e-01
9.545875574417503895e-01
9.489953939615174416e-01
9.232046833280292963e-01
9.231276291322814131e-01
8.915709311153513505e-01
8.962860227341691299e-01
8.898985947462566548e-01
8.931081661995241561e-01
8.466216484810116238e-01
8.498294665126373548e-01
8.288592467072104508e-01
8.273090094715651599e-01
7.945977702005848631e-01
7.973230790844756388e-01
7.937808247875495216e-01
7.922820114713223782e-01
7.748781164553062428e-01
7.751435314183793279e-01
9.934214482325784967e-01
9.949152605504210101e-01
9.545346248554169577e-01
9.619953090676991447e-01
9.327360175211604210e-01
9.189032691970936417e-01
8.822193854463883378e-01
8.790533031796032848e-01
8.306222431616980817e-01
8.386355148886526223e-01
8.286727118087162669e-01
8.342957402625479357e-01
7.589298611806317707e-01
7.632673899325329581e-01
7.239697482555618180e-01
7.229634660269026458e-01
6.668914960399792147e-01
6.748792850037612645e-01
6.675194096601616556e-01
6.677592274179893206e-01
6.393477519930577113e-01
6.419715449412588537e-01
7.989302901907071597e-01
7.999240957913399397e-01
8.169701377992530933e-01
8.230005192047331608e-01
8.312325718768407423e-01
8.209527899544240004e-01
8.338915084343151429e-01
8.320136531875723662e-01
8.403912580610706229e-01
8.474699643487205725e-01
8.419170932030120014e-01
8.466421032238660160e-01
8.523600215197033592e-01
8.574396035715695641e-01
8.597325145089428355e-01
8.571623333280671275e-01
8.481778091579037504e-01
8.535050233021200805e-01
8.581560332244793088e-01
8.542221996650040117e-01
8.606212064692284613e-01
8.610143659373845626e-01
7.314734597867670329e-01
7.288909942761050420e-01
7.350736982594958668e-01
7.402093751356257911e-01
7.893380965914305047e-01
7.858122331882160250e-01
8.201395395759405460e-01
8.212652383557415003e-01
8.378758426191879050e-01
8.427788814875466494e-01
8.678524824737067211e-01
8.708361646104634257e-01
8.829674483983712685e-01
8.880315982013099463e-01
9.111247937034023803e-01
9.073058468501324914e-01
9.279632362763743370e-01
9.286326596368960073e-01
9.541784977803638990e-01
9.466761121104854126e-01
9.649911417232083233e-01
9.627289797944464933e-01
7.434026490931990860e-01
7.395745123762271778e-01
7.489873390461123659e-01
7.549055673056151994e-01
7.944422861241420275e-01
7.916844576752175566e-01
8.219495315929217227e-01
8.237704022863445719e-01
8.395306113346554522e-01
8.445316355066279090e-01
8.635912382628514461e-01
8.665059798174539196e-01
8.798074369250274973e-01
8.852997527898335273e-01
9.073395279357038268e-01
9.030864416714108334e-01
9.209917135334576566e-01
9.205603279505811809e-01
9.474811401854885684e-01
9.389360393153418638e-01
9.562529815316981319e-01
9.533641519933977460e-01
9.962498489864580753e-01
9.946304126550911118e-01
9.722042468340894583e-01
9.775894526072306245e-01
9.636052442972673493e-01
9.582382351459534098e-01
9.386720389557936528e-01
9.384806766044275772e-01
9.131372513300736182e-01
9.174113429793042673e-01
9.128851059474888396e-01
9.157240272790543312e-01
8.772689552909792576e-01
8.804132120665665306e-01
8.632556731373901560e-01
8.618816330317737862e-01
8.359901749607278054e-01
8.382442278776419675e-01
8.378202074468118488e-01
8.365287326816301938e-01
8.225796115749876014e-01
8.226293040581849070e-01
9.003651195830929543e-01
8.956596188667006464e-01
9.035687445479705371e-01
9.108409258409523312e-01
8.888699665169585984e-01
8.885364871505299078e-01
8.789404076718957404e-01
8.821151199600588688e-01
8.801221625796701309e-01
8.843171752201142155e-01
8.637604221853955044e-01
8.658874160401156539e-01
8.676061538983728116e-01
8.729863739199489325e-01
8.702005781945038043e-01
8.660529376600388796e-01
8.544381984832073451e-01
8.509539967649002445e-01
8.682103975391450845e-01
8.609230616953199577e-01
8.593178834483394812e-01
8.555987210616986527e-01
7.695190171394781231e-01
7.698603205878644662e-01
7.844865219681756985e-01
7.879544927932687903e-01
8.317082890478018076e-01
8.258064554474519037e-01
8.593141979119991447e-01
8.583734665671389763e-01
8.816527496475055070e-01
8.862844988096847398e-01
9.007933426178358349e-01
9.038895818551344608e-01
9.267911854602470800e-01
9.304701987223538140e-01
9.480778675843465342e-01
9.457838346105529315e-01
9.629937426748341744e-01
9.670833452231774041e-01
9.813352605059547651e-01
9.774957026364093915e-01
9.947457999560302966e-01
9.946171007135495845e-01
7.394826545394649342e-01
7.384960200865842150e-01
7.542703421781261630e-01
7.587634440778319167e-01
8.066864792217287583e-01
8.014360081399480862e-01
8.389335108913351657e-01
8.388537432644284086e-01
8.631443877846933788e-01
8.681995376343488724e-01
8.865944039985080849e-01
8.897672769174329588e-01
9.135396417784255041e-01
9.182172901467036130e-01
9.404506780357625439e-01
9.372576594353698720e-01
9.577310846164763802e-01
9.603503479776536178e-01
9.813664372910583245e-01
9.753239390435789469e-01
9.954693285389518698e-01
9.942519653240676769e-01
7.961281971966495119e-01
7.947405800793888586e-01
8.068067332825205051e-01
8.108686024920380708e-01
8.482820849437773258e-01
8.445594514671970199e-01
8.730438876597095277e-01
8.733969871107539751e-01
8.922221014332196720e-01
8.962519024660264844e-01
9.099782397607310003e-01
9.125128463900262776e-01
9.314353212670699600e-01
9.353903480801569748e-01
9.534456613978686823e-01
9.507596140189893408e-01
9.675384873822554521e-01
9.687041642806646369e-01
9.848638661833801766e-01
9.799504173650849248e-01
9.956655432393122229e-01
9.942205056369843863e-01
9.909515089897885654e-01
9.895880718625823524e-01
9.679916975765726628e-01
9.731884614024695068e-01
9.525249213479701771e-01
9.467967939850829850e-01
9.233423736517758496e-01
9.228655372885091746e-01
8.946825980102873777e-01
8.990620679129260884e-01
8.911950329853508546e-01
8.942358745635659023e-01
8.530637737370729834e-01
8.558316647851352821e-01
8.359351050801606675e-01
8.347805591149770610e-01
8.032612504454149649e-01
8.064721632428722975e-01
8.011274274627553371e-01
8.005107548862755440e-01
7.844492931500092192e-01
7.850880623954286097e-01
9.934666586708003067e-01
9.952634505855501024e-01
9.747474440359038539e-01
9.786384623089892099e-01
9.588993736625897046e-01
9.512921553617230686e-01
9.270488152759697176e-01
9.255376304120870312e-01
9.009865793217869401e-01
9.055176679181133892e-01
8.940125351663151809e-01
8.978000213846302202e-01
8.598143805294755637e-01
8.616087195645413255e-01
8.393499706072233835e-01
8.392104681464719329e-01
8.122117507205087739e-01
8.147450400921382174e-01
8.039252021446868790e-01
8.057968353869267020e-01
7.886596764482349808e-01
7.894899421893512015e-01
9.319906246905629299e-01
9.308287266333327148e-01
9.051370122685009623e-01
9.113748002991398645e-01
9.120923197437488250e-01
9.053384289584730515e-01
8.951839391063890483e-01
8.949935322045767805e-01
8.715214909571160629e-01
8.767444089917486583e-01
8.816254551146709417e-01
8.849560248112586791e-01
8.451321028963754145e-01
8.495108059779770127e-01
8.363405438015533155e-01
8.343095749275324380e-01
8.136769441671836134e-01
8.152096589442126007e-01
8.258618211477208870e-01
8.229559408860499525e-01
8.127985057188608087e-01
8.120254833990678822e-01
9.159482832942810182e-01
9.123276673806917092e-01
9.119732325088231173e-01
9.165377326126730173e-01
9.342341178092485876e-01
9.332166550102662939e-01
9.439315646469307319e-01
9.454418177891581454e-01
9.488733826468003230e-01
9.517755137661518816e-01
9.601087353718993356e-01
9.616106474463833598e-01
9.628968604542373910e-01
9.664759150183194203e-01
9.755161576635351661e-01
9.729435357990695588e-01
9.781273047637750739e-01
9.780252625746859163e-01
9.909720532265942072e-01
9.863694405533547371e-01
9.925863340444545102e-01
9.908215253239370801e-01
7.789545209003496673e-01
7.773866895081622541e-01
7.903157434485625910e-01
7.944186169841633838e-01
8.338366940163975949e-01
8.303074324742751866e-01
8.604225696717641148e-01
8.609589677094058313e-01
8.815710684406632414e-01
8.857079811551559212e-01
9.002474917111353836e-01
9.028816395775211001e-01
9.236782177962776785e-01
9.277177564426833944e-01
9.472990841430387610e-01
9.444110672887966462e-01
9.637075932813914392e-01
9.647312964208326624e-01
9.825990812454025169e-01
9.772321516651107931e-01
9.940367625618733438e-01
9.924286376647974972e-01
7.683514153869723806e-01
7.695944106885242997e-01
7.876694350740114370e-01
7.905077865820528960e-01
8.318274498004774031e-01
8.262220722801074668e-01
8.587036980556292942e-01
8.578275521570448703e-01
8.826114780863016929e-01
8.867068505459554384e-01
8.985854400537579556e-01
9.015906241123194942e-01
9.282160600343768442e-01
9.314049868070437554e-01
9.499574794201626204e-01
9.481570914027737107e-01
9.677458145846445925e-01
9.694958860169531345e-01
9.795102429216525630e-01
9.766953396283912792e-01
9.942336137075857838e-01
9.934532415756786028e-01
8.078264016751616206e-01
8.006798694123762328e-01
8.311163529662299876e-01
8.376852479920832151e-01
7.952558687240088853e-01
7.998793915823713130e-01
7.923005755352706680e-01
7.959194212162484794e-01
7.974254411172366774e-01
8.007401865164806010e-01
7.803536097443094510e-01
7.837967961912994941e-01
7.891209616903459567e-01
7.902309535641688365e-01
8.047526439662499032e-01
8.004630934474463722e-01
7.906318084342163210e-01
7.863919231808820243e-01
7.991313152902385086e-01
7.871931948344638164e-01
7.914199850622111176e-01
7.873306686865209070e-01
8.774068816712021768e-01
8.795759762383515978e-01
8.975748892932364775e-01
8.992508988510173884e-01
8.734424660352283487e-01
8.791972263797116494e-01
8.612984884356553739e-01
8.628784205136162955e-01
8.696352459299674376e-01
8.717048532617694967e-01
8.562245688749110517e-01
8.602875869797937947e-01
8.633144660015136251e-01
8.607456121123640003e-01
8.789146811663721692e-01
8.772580372327358766e-01
8.895994962087335756e-01
8.873911589277763134e-01
8.677191169477804777e-01
8.609478622061573772e-01
8.609997298077121108e-01
8.581960409602745754e-01
6.406078862043369515e-01
6.429831255888668329e-01
6.667768428153960647e-01
6.685528633051519565e-01
7.301948087920302477e-01
7.255381545599135507e-01
7.770241722806877638e-01
7.727974896148025463e-01
8.092467671193358525e-01
8.111368632636793974e-01
8.356947819427656965e-01
8.405951109093631191e-01
8.751840191865842833e-01
8.719017892418451376e-01
9.052211028353049915e-01
9.038088320935562248e-01
9.292989795324173574e-01
9.322343074262228191e-01
9.537386458272840706e-01
9.475640944736680726e-01
9.722714155559698535e-01
9.723774485164193848e-01
9.024532293368745517e-01
9.059350217019134233e-01
8.872464033136601147e-01
8.920679050711743940e-01
8.699683219357607911e-01
8.702147030919191728e-01
8.475066141916299811e-01
8.483705409376455231e-01
8.330424447768994822e-01
8.381157774041037012e-01
8.239691383048054485e-01
8.286750113203050772e-01
7.988189746823295412e-01
7.992710914942132705e-01
7.885589425215174808e-01
7.866295841107669995e-01
7.740365822710643107e-01
7.716147347871136208e-01
7.826612903311798153e-01
7.777604810029818960e-01
7.661363739532606187e-01
7.629253201088669334e-01
7.673352607398746805e-01
7.736487729591156048e-01
7.754212313713314542e-01
7.785799715828448653e-01
8.036524156403823671e-01
7.993550638113071649e-01
8.182579191623192694e-01
8.156454054498158968e-01
8.238485048856593052e-01
8.275516821094592856e-01
8.388008264223194566e-01
8.431505055817369865e-01
8.414661167134976916e-01
8.404770933013028245e-01
8.532838750333374689e-01
8.520041458608456075e-01
8.558794540236845938e-01
8.567352536260226525e-01
8.705157585505126638e-01
8.665597007969831900e-01
8.741852586882888909e-01
8.728110680811930200e-01
6.852486887689039907e-01
6.920043088763780936e-01
7.153226885290521198e-01
7.158451633023472649e-01
7.608717378635544426e-01
7.554590438028555566e-01
7.940903015781595187e-01
7.897744896204129672e-01
8.179878249310028604e-01
8.202157446066191682e-01
8.371941741519803859e-01
8.420484348114963824e-01
8.676281804204308834e-01
8.638909163177357353e-01
8.919478180184857719e-01
8.917988690947118435e-01
9.106356707230059966e-01
9.123484538365428387e-01
9.173618417647899648e-01
9.143247737006313658e-01
9.331727191266580013e-01
9.330062281659684542e-01
8.488492728491192629e-01
8.536434263376835307e-01
8.409433308179621314e-01
8.450176925706160969e-01
8.469441141739449952e-01
8.449500853595039995e-01
8.423887404142678115e-01
8.414487468314783003e-01
8.325679367345387716e-01
8.370568837579215327e-01
8.392002865312654381e-01
8.432836275312313168e-01
8.208242113489639946e-01
8.205875680270436900e-01
8.202773366940446786e-01
8.188628930882728696e-01
8.093955210604493189e-01
8.096144301119290176e-01
8.206479721121286985e-01
8.166483118522748219e-01
8.134742327642165982e-01
8.116775921736106847e-01
7.629501862652003918e-01
7.682448579852939607e-01
7.761997515345705478e-01
7.784454323037145462e-01
8.037451829694095551e-01
8.018709550220860516e-01
8.219758671835596386e-01
8.199339132748554304e-01
8.310941865580676602e-01
8.337374813930910067e-01
8.479552192572613611e-01
8.518290466307285591e-01
8.551706735048092423e-01
8.532153707526658470e-01
8.739996298047594259e-01
8.728122909159756748e-01
8.826989478435444125e-01
8.833086074647523711e-01
8.899440445195823113e-01
8.854532434460474777e-01
8.957726596454161916e-01
8.944761513612621284e-01
6.991154583208388784e-01
7.008919530276109811e-01
7.176917466504050269e-01
7.190669226076298326e-01
7.732082266201084630e-01
7.702542946391622847e-01
8.148393016612676121e-01
8.109218901938926027e-01
8.416388832441182855e-01
8.429446665244813008e-01
8.654184335502514980e-01
8.697064989827740789e-01
8.974523875810753726e-01
8.936925274128758589e-01
9.217433518901217981e-01
9.207277065509088532e-01
9.415252416286989945e-01
9.453650566899907126e-01
9.661009876499366822e-01
9.607303518793819386e-01
9.813128435360042312e-01
9.819047459479229856e-01
9.095916437769886453e-01
9.056117911982640711e-01
8.748777152971178861e-01
8.800405997641752576e-01
8.822235136330960348e-01
8.860765574017546164e-01
8.766874537765471098e-01
8.780138759895725897e-01
8.531841560362216637e-01
8.572522289350330560e-01
8.685276313928567138e-01
8.713027784227260764e-01
8.307616432366377035e-01
8.299282580376617924e-01
8.256901829855258779e-01
8.236857379543596203e-01
8.023276654185435008e-01
8.046443052400004126e-01
8.207652998696416402e-01
8.138454268107911949e-01
8.063694119830150386e-01
8.057054609332005013e-01
8.473352145633098464e-01
8.489748082337571500e-01
8.397290291248798999e-01
8.427666421884258963e-01
8.507716292086314747e-01
8.497749257262687816e-01
8.529646271292948834e-01
8.513738528598380206e-01
8.449179144754372928e-01
8.485961148988788727e-01
8.555385063643624610e-01
8.593591220328109515e-01
8.412906915114952699e-01
8.393230332648220493e-01
8.420652789513275449e-01
8.413284813392457595e-01
8.309454828516568137e-01
8.344063065066036344e-01
8.415573978455537230e-01
8.376030021254629032e-01
8.368895204813223687e-01
8.371176796753317939e-01
7.927888538354631587e-01
7.988210877482483374e-01
7.976543725333350432e-01
7.999214812087901416e-01
8.311507403471644073e-01
8.248183325972022750e-01
8.473458098205407518e-01
8.427115343735487318e-01
8.506694344420547838e-01
8.545100009408165276e-01
8.680729124343833369e-01
8.726509766448108385e-01
8.693113050944201170e-01
8.670214647313545520e-01
8.749036926767481681e-01
8.748221725225658885e-01
8.726561347674640645e-01
8.783625132646769584e-01
8.893691088910983256e-01
8.872793561583935951e-01
8.939897423892027017e-01
8.952345079716604870e-01
6.850686677813973002e-01
6.887446003599879685e-01
7.087543859189934237e-01
7.095371097620050138e-01
7.642259202033582222e-01
7.597678204129403312e-01
8.056943553561008997e-01
8.010222907846671347e-01
8.333938598441360535e-01
8.348843266620125103e-01
8.563951983091649955e-01
8.609495109011036096e-01
8.907201559712328853e-01
8.866764256858392645e-01
9.147683670079153062e-01
9.142467777005778284e-01
9.349315171875360875e-01
9.391175545539156566e-01
9.556072917347666618e-01
9.514454469490116750e-01
9.724653408991337233e-01
9.733567963581937210e-01
8.699071848566812815e-01
8.697803222326926376e-01
8.549906122592217939e-01
8.593466855634929180e-01
8.586738845797527997e-01
8.594638042341532502e-01
8.552888501017998912e-01
8.552784936294536289e-01
8.416384286514106972e-01
8.456514940911754596e-01
8.501434899148156976e-01
8.535498530814331630e-01
8.276891591594335296e-01
8.268613132155224754e-01
8.264588801449194166e-01
8.248689609222947805e-01
8.095645976794367815e-01
8.112962831340366776e-01
8.227686605079467252e-01
8.172874581348451573e-01
8.135462941711589790e-01
8.126498440472060825e-01
7.922197799702842547e-01
7.956267192545668498e-01
7.903068755095477016e-01
7.942025260764149497e-01
8.161752055396914729e-01
8.088391845916694800e-01
8.236952201510183702e-01
8.193789978709832278e-01
8.179590423571287960e-01
8.240856483730546467e-01
8.340382515293680576e-01
8.395802257578964811e-01
8.240094404533762074e-01
8.227226884353462388e-01
8.235170138275101914e-01
8.226612080192730048e-01
8.069568839451198849e-01
8.156234100872522541e-01
8.257641450104943326e-01
8.221101037125768674e-01
8.245344186485834559e-01
8.267396017611380321e-01
7.656358801522481494e-01
7.683516934480019156e-01
7.762612511536113313e-01
7.779228130903678151e-01
8.116920381413571528e-01
8.091264043554053931e-01
8.368713891389957249e-01
8.335248667086545549e-01
8.500358945610527739e-01
8.521612360771212424e-01
8.673309514600529013e-01
8.714090614706299087e-01
8.815432756662485714e-01
8.783097797047667576e-01
8.960946173647111879e-01
8.954857477770471474e-01
9.039470571459227166e-01
9.079724718438977327e-01
9.211308787941971943e-01
9.170435304517361441e-01
9.289300482759966782e-01
9.295640764392659738e-01
7.541365700986201182e-01
7.497819253539879103e-01
7.471649947146684623e-01
7.519453712224016817e-01
7.851057486003252261e-01
7.878080591188105775e-01
8.127939572601489138e-01
8.133417864204207648e-01
8.209166842425384969e-01
8.232849442383780580e-01
8.460632738041706791e-01
8.495914134816655583e-01
8.487411152087989130e-01
8.475577642013254476e-01
8.696290542992697326e-01
8.664755079153195760e-01
8.768184202602680166e-01
8.759837357515979361e-01
9.078409470601530584e-01
8.980090349619567203e-01
9.100868568204999454e-01
9.078853718286786778e-01
9.066547350118984161e-01
9.039654751043469938e-01
8.789073071894328848e-01
8.838938580797921496e-01
8.757335634318751394e-01
8.783993236987676090e-01
8.649598715867242715e-01
8.659566230700792566e-01
8.421671877442452603e-01
8.465930363048841389e-01
8.500880640194731219e-01
8.532609378324652605e-01
8.149073865651398352e-01
8.142481555633055423e-01
8.074459825472779517e-01
8.056351986177502367e-01
7.820801597691163787e-01
7.845262433896285081e-01
7.964814296153807094e-01
7.903184820789056486e-01
7.814349035194223525e-01
7.808266101740045650e-01
8.474706026499894129e-01
8.493224243478173507e-01
8.416840185218187331e-01
8.451674404790314732e-01
8.546687624350735035e-01
8.510249643926373064e-01
8.570322345619936222e-01
8.541649874794788877e-01
8.487528275333433569e-01
8.534290835166354894e-01
8.586348327099019295e-01
8.630103440630079170e-01
8.455388108933933333e-01
8.438376084477545724e-01
8.428770520950167322e-01
8.421857555036413867e-01
8.256888727814379880e-01
8.323696008909042821e-01
8.408144178877068331e-01
8.371480627982307299e-01
8.364848836614117156e-01
8.379865455557754528e-01
7.884635586007746610e-01
7.905105689790373757e-01
7.891288384210390916e-01
7.926324321762999725e-01
8.161202475885475094e-01
8.110972915619846235e-01
8.288292660481892948e-01
8.252863421655032283e-01
8.284618639222910419e-01
8.332805504504884331e-01
8.442659236146629054e-01
8.491909076366984666e-01
8.411618902030404410e-01
8.394161187067760155e-01
8.454335436772684176e-01
8.443747537998168573e-01
8.350568148946138081e-01
8.421675158261202609e-01
8.546238962419444585e-01
8.501661482247889756e-01
8.553211704864911447e-01
8.569120870988168326e-01
7.903076988244910339e-01
7.909148138148037743e-01
7.836322308859198227e-01
7.871963141308050416e-01
8.164676073650994903e-01
8.139783219874877629e-01
8.334552106771999647e-01
8.309955114773350804e-01
8.337197670754507017e-01
8.375068226400639304e-01
8.543934294138308960e-01
8.587195036972553597e-01
8.494199379847194864e-01
8.475687146007956363e-01
8.568045917130738820e-01
8.554693301675093675e-01
8.529091697156946372e-01
8.574459780422470923e-01
8.768467382058836579e-01
8.715021702875197507e-01
8.775636040363239410e-01
8.780673973030603818e-01
7.506645892172101320e-01
7.475752207776964475e-01
7.480465939026449407e-01
7.519716204218811484e-01
7.892686493690307392e-01
7.909597287614402727e-01
8.200175834486295168e-01
8.195290087454842887e-01
8.313863676187965845e-01
8.333829967862731447e-01
8.565408273152584906e-01
8.600830010805545767e-01
8.644046777119658298e-01
8.625362707865872336e-01
8.853189077770838855e-01
8.827203414787485602e-01
8.944916228671780933e-01
8.951862615385990374e-01
9.249205823914534719e-01
9.162635642611778319e-01
9.298057865725912752e-01
9.284332462390642027e-01
8.896735185670224810e-01
8.884969727209627299e-01
8.678755931288343328e-01
8.723624659141767657e-01
8.691637177575943785e-01
8.693443748797115012e-01
8.615086021754040368e-01
8.610125605357958900e-01
8.414441157666358029e-01
8.462102874189555424e-01
8.503486305312585314e-01
8.539889583614204138e-01
8.199594010110137221e-01
8.189215036374563050e-01
8.123881255009521851e-01
8.110642039887582255e-01
7.870720906725128252e-01
7.918343786583811328e-01
8.016760616510761883e-01
7.966346948907043757e-01
7.895703604610013748e-01
7.900870729372436729e-01
8.207650189728705747e-01
8.209022229448588170e-01
8.181681882552359619e-01
8.220422037835420914e-01
8.334791787532732643e-01
8.314254780910607101e-01
8.408585096453657926e-01
8.389424289009648206e-01
8.376066856430727237e-01
8.418749621997485555e-01
8.487714418502406710e-01
8.530694338089148676e-01
8.415607523228357811e-01
8.400755684578401494e-01
8.453657120358533117e-01
8.439038870957993321e-01
8.333649850678838122e-01
8.384793154400655979e-01
8.505732169610072946e-01
8.450656949297119525e-01
8.477058505752178563e-01
8.483360918807780759e-01
7.970258773594779411e-01
7.992937807773859982e-01
7.928307651536504741e-01
7.960168627964598898e-01
8.205352161390705445e-01
8.167322149914247875e-01
8.331472929614521794e-01
8.300495057703205504e-01
8.305272805657435420e-01
8.347603028025587513e-01
8.488079622048425588e-01
8.532740748210169146e-01
8.413150909106069664e-01
8.393722523685455128e-01
8.456127610253348914e-01
8.447439433446555235e-01
8.373664140474004203e-01
8.432383425010128164e-01
8.564327952881485295e-01
8.523859490684686513e-01
8.565907040094523639e-01
8.577510316261526269e-01
7.639953508021875006e-01
7.641395337973296842e-01
7.666889907003432425e-01
7.698627054309780116e-01
8.016283915755572087e-01
7.995688291740000730e-01
8.252505917505905675e-01
8.227675168525003802e-01
8.333246690832742942e-01
8.364113364279538443e-01
8.531054053775052326e-01
8.573368146741414675e-01
8.595397984555106508e-01
8.573211427682392305e-01
8.727314893611172186e-01
8.711986340736691536e-01
8.739995378657759995e-01
8.783532972088714530e-01
8.981331876525326940e-01
8.921841074324079468e-01
9.026296347954653188e-01
9.030505044762621170e-01
7.276504451507772586e-01
7.274565778604594746e-01
7.359799813145934122e-01
7.382939928334464330e-01
7.837665048761912612e-01
7.829247491075107535e-01
8.198147934797977987e-01
8.173215405734469696e-01
8.386202950938379530e-01
8.401452658433021803e-01
8.627162774246606158e-01
8.665689980934219161e-01
8.826368935090508350e-01
8.795750897760566955e-01
9.041955657378716316e-01
9.026502341963585918e-01
9.182059783279935550e-01
9.209970585178058888e-01
9.451970400877867107e-01
9.387805104167415982e-01
9.555347088938632716e-01
9.554526055142077423e-01
9.339930580353846823e-01
9.332744291007804005e-01
9.019856099632242996e-01
9.063911049404701492e-01
8.925341279750731438e-01
8.932436715274645334e-01
8.734000299943357470e-01
8.732203492626698926e-01
8.425251914362581473e-01
8.477676668675983018e-01
8.481440071581564100e-01
8.515724743177305323e-01
8.034794492167280922e-01
8.024702058052851639e-01
7.866697633194565942e-01
7.857936251867108091e-01
7.520510014834110857e-01
7.575911219848184830e-01
7.626775356993824584e-01
7.589024757859238468e-01
7.448398495020474019e-01
7.457757397096699270e-01
8.958423604056489076e-01
8.992974618918327945e-01
8.813234677029603281e-01
8.841119843215889951e-01
8.798121895228057099e-01
8.788801213720063288e-01
8.695733794426999674e-01
8.681105948731459021e-01
8.525738523345655073e-01
8.566929632815566409e-01
8.574950067368869444e-01
8.612129758439077687e-01
8.314139418349028032e-01
8.295669309578779238e-01
8.230760463797132109e-01
8.228345050508701908e-01
8.044596278902464981e-01
8.083506288986558319e-01
8.100106714442193434e-01
8.077314488881280896e-01
8.000674334663980813e-01
8.004494106077458815e-01
8.658859035552718408e-01
8.676114944046040556e-01
8.505774323102115453e-01
8.537101627916906521e-01
8.669707110885902512e-01
8.643335332907778890e-01
8.691238038865110038e-01
8.663256294311778571e-01
8.565673628090806346e-01
8.608709877794061827e-01
8.702859767427341131e-01
8.742321544735931482e-01
8.500551307072421459e-01
8.479516724992457455e-01
8.443058017204112531e-01
8.438962836824019931e-01
8.260142993866478323e-01
8.333359037079992593e-01
8.438127557597149275e-01
8.408025330572520550e-01
8.381170579126548947e-01
8.399738821302631386e-01
7.908114861392320227e-01
7.907310405704233158e-01
7.881261135526755890e-01
7.920333418323457497e-01
8.144753979765630980e-01
8.123881438531920240e-01
8.298204597566350982e-01
8.278227190506999289e-01
8.309463852441975051e-01
8.348087609533355602e-01
8.479802417285073890e-01
8.523081482152147226e-01
8.449899461188135064e-01
8.434641065424232087e-01
8.534950352195217471e-01
8.518402542126646271e-01
8.483603732570724754e-01
8.523816496430443035e-01
8.708920102558844745e-01
8.648539612335345295e-01
8.710550478215907111e-01
8.712237033320827662e-01
7.342208121269844234e-01
7.327681193897784828e-01
7.437859649460756284e-01
7.468964548556761285e-01
7.828511779100764123e-01
7.828283296378991674e-01
8.149478778562828651e-01
8.133823104419982686e-01
8.324332829005287593e-01
8.342588815123088697e-01
8.524483405492381261e-01
8.562785134342811855e-01
8.710700180245212199e-01
8.687076293820694683e-01
8.929271875531489266e-01
8.908237960685004841e-01
9.040024121071433827e-01
9.056798068934830415e-01
9.299221407727908950e-01
9.223289761816784171e-01
9.380288739544265786e-01
9.372654599554581800e-01
6.932804233854999998e-01
6.964089579743522052e-01
7.146019177143306811e-01
7.151637877176996172e-01
7.706693488626926714e-01
7.667514362205418710e-01
8.133669224551273169e-01
8.085870920274909057e-01
8.409500864115188046e-01
8.420472762710953241e-01
8.644733625986411596e-01
8.687754921084763771e-01
8.984156540277254965e-01
8.940812174943869595e-01
9.213804648218610893e-01
9.209613556565969805e-01
9.412657010225957688e-01
9.463264170686718213e-01
9.646930475386087389e-01
9.607055331022633649e-01
9.815296671489099900e-01
9.828436582618477191e-01
