9.110096096992492676e-01
6.174311637878417969e-01
2.087751445544833118e+01
1.607244322486548427e+01
8.885142952203750610e-02
3.831209838390350342e-01
2.087764198583884578e+01
1.506555887264710947e+01
9.111574292182922363e-01
6.168929338455200195e-01
2.087764231965395822e+01
1.516801680756049109e+01
4.301735758781433105e-01
1.160217523574829102e-01
1.723867421547137369e+01
1.615069617265911006e+01
5.698816180229187012e-01
8.839910030364990234e-01
1.723867349788065084e+01
1.474203593105249688e+01
8.893691748380661011e-02
3.832498192787170410e-01
2.087762681963715039e+01
1.574319861101784568e+01
5.698257088661193848e-01
3.839782774448394775e-01
1.723867421536188971e+01
1.700042889924796441e+01
8.891743421554565430e-02
3.833176791667938232e-01
2.087761724483410930e+01
1.600731916317143444e+01
9.111529588699340820e-01
6.169601678848266602e-01
2.087764140474652663e+01
1.431735433477631858e+01
8.900666981935501099e-02
8.830274939537048340e-01
2.087762661048335389e+01
1.941800533681226426e+01
4.302163124084472656e-01
1.161220446228981018e-01
1.723867276488698153e+01
1.589097507974825696e+01
9.111285805702209473e-01
6.169103980064392090e-01
2.087764202690772564e+01
1.670166351735775123e+01
5.698290467262268066e-01
3.839161694049835205e-01
1.723867378579334542e+01
1.538786011274051724e+01
8.884286880493164062e-02
3.830891251564025879e-01
2.087764245744658353e+01
1.576662485174711392e+01
9.111337661743164062e-01
6.169071793556213379e-01
2.087764216380672622e+01
2.015601706085736566e+01
9.111574888229370117e-01
1.169610321521759033e-01
2.087764137850506074e+01
1.316593186773186730e+01
1.088838815689086914e+00
8.830941915512084961e-01
2.087764243775075101e+01
1.361336530339075068e+01
9.111575484275817871e-01
1.169014498591423035e-01
2.087764241939003895e+01
1.818027627819961367e+01
8.884313702583312988e-02
3.831192255020141602e-01
2.087764206953494295e+01
1.414320717898756463e+01
8.882074803113937378e-02
8.830710053443908691e-01
2.087764206094551156e+01
1.621660287568820635e+01
9.161727428436279297e-01
6.169647574424743652e-01
2.246560013633368769e+01
1.755683861341346486e+01
9.161577820777893066e-01
6.166167855262756348e-01
2.246565312666595915e+01
1.772780514135512320e+01
5.660732388496398926e-01
3.839176595211029053e-01
1.923067239750421820e+01
1.730186382768755493e+01
8.383801579475402832e-02
8.833832144737243652e-01
2.246565318942740319e+01
1.720715653598297479e+01
5.660657286643981934e-01
3.839287459850311279e-01
1.923067246414430187e+01
1.755879621359510523e+01
9.159619212150573730e-01
6.166166067123413086e-01
2.246562667062855567e+01
1.843021530996678337e+01
8.382782340049743652e-02
3.833778500556945801e-01
2.246565323989447904e+01
2.011190967433910970e+01
9.161712527275085449e-01
1.166937127709388733e-01
2.246565064689774971e+01
1.197346773711578116e+01
5.660483837127685547e-01
3.839349746704101562e-01
1.923067236545682945e+01
1.735851488398524012e+01
-8.382397890090942383e-02
1.166165098547935486e-01
2.246565324520646456e+01
1.416584571052909780e+01
4.339365363121032715e-01
1.160646975040435791e-01
1.923067246996306778e+01
1.632807094146219384e+01
9.161688089370727539e-01
1.166163980960845947e-01
2.246565324611315262e+01
2.199253088497229669e+01
8.382789790630340576e-02
3.833666145801544189e-01
2.246565312975074846e+01
1.326181793671458564e+01
1.083813309669494629e+00
8.833836317062377930e-01
2.246565312914319179e+01
1.310101627430447913e+01
5.660655498504638672e-01
-1.160286813974380493e-01
1.923067227249562805e+01
1.642408556928439012e+01
1.083813667297363281e+00
3.833114206790924072e-01
2.246565085321426025e+01
1.500036086184235273e+01
8.384869992733001709e-02
8.833830952644348145e-01
2.246565298822646994e+01
1.895474717947251975e+01
5.660655498504638672e-01
8.839717507362365723e-01
1.923067226768970883e+01
1.817168074779943865e+01
9.161597490310668945e-01
6.166164278984069824e-01
2.246565315864734558e+01
2.169120791905944401e+01
4.339357316493988037e-01
6.161488890647888184e-01
1.923067137809871241e+01
1.717866812331902437e+01
8.030264824628829956e-02
8.890926241874694824e-01
2.341440556319238198e+01
1.830450841755262559e+01
5.730255842208862305e-01
3.694440126419067383e-01
2.041012490357551457e+01
1.810929165906222593e+01
4.269471168518066406e-01
1.306221485137939453e-01
2.041012461163705893e+01
1.860755200833219192e+01
8.030378073453903198e-02
3.891084492206573486e-01
2.341440587620754243e+01
1.988838069585256108e+01
8.031077682971954346e-02
3.891365826129913330e-01
2.341440583134219366e+01
1.634580650227196941e+01
9.196808338165283203e-01
6.108772158622741699e-01
2.341440581847137281e+01
1.819481122306203602e+01
4.269477128982543945e-01
6.305626630783081055e-01
2.041012512730846851e+01
1.887619042581480500e+01
9.196633696556091309e-01
6.107142567634582520e-01
2.341439290349378055e+01
1.893988750268684385e+01
4.269507825374603271e-01
1.305770277976989746e-01
2.041012509668683350e+01
1.836101232609632206e+01
9.196916818618774414e-01
6.108774542808532715e-01
2.341440594765030170e+01
1.231510438211855707e+01
4.269510209560394287e-01
6.305980086326599121e-01
2.041012494226369256e+01
1.900248099979161509e+01
4.269500374794006348e-01
1.305614560842514038e-01
2.041012513073204815e+01
1.914801173656025313e+01
8.030437678098678589e-02
8.891192674636840820e-01
2.341440595465788377e+01
1.897383647394636341e+01
8.032473921775817871e-02
8.891231417655944824e-01
2.341440569270277194e+01
1.867651090234362599e+01
5.730733871459960938e-01
3.694359660148620605e-01
2.041012490016974112e+01
1.850325119063959534e+01
5.730522274971008301e-01
8.694353103637695312e-01
2.041012512631478160e+01
1.905230375838831591e+01
8.031335473060607910e-02
3.891239166259765625e-01
2.341440590529622767e+01
1.782343558087356428e+01
8.031008392572402954e-02
8.891205787658691406e-01
2.341440593637440415e+01
2.315223511397537948e+01
-8.030597865581512451e-02
1.108607277274131775e-01
2.341440580975306318e+01
1.795967445424255615e+01
9.196643829345703125e-01
1.108994260430335999e-01
2.341440508256706110e+01
1.900851512931780363e+01
5.706602334976196289e-01
8.828755617141723633e-01
2.140043022059852262e+01
1.945614214127217068e+01
4.293399155139923096e-01
6.170821189880371094e-01
2.140042976643410100e+01
1.969489679121648962e+01
9.224463701248168945e-01
6.175172924995422363e-01
2.484747959525475025e+01
2.325078709084613493e+01
9.224504828453063965e-01
6.175022125244140625e-01
2.484747988381865014e+01
1.720077498449133557e+01
7.758855819702148438e-02
8.824865818023681641e-01
2.484747695467352813e+01
2.070824003979161532e+01
1.077522873878479004e+00
3.825065195560455322e-01
2.484748035784228293e+01
1.790648689435087704e+01
9.224755764007568359e-01
6.175031065940856934e-01
2.484748040380446099e+01
1.821060422115205313e+01
7.752431929111480713e-02
3.824968338012695312e-01
2.484748040381462886e+01
1.404735876809189676e+01
4.293375015258789062e-01
1.171374693512916565e-01
2.140043023625476692e+01
1.914785707399230930e+01
4.293412864208221436e-01
1.171355992555618286e-01
2.140043024154847728e+01
1.801425561711779011e+01
5.712618827819824219e-01
3.828628361225128174e-01
2.140029279295727349e+01
1.957544310175133617e+01
5.706588625907897949e-01
8.828680515289306641e-01
2.140043023938368449e+01
2.079631234719053978e+01
4.293412864208221436e-01
6.171355247497558594e-01
2.140043024154798346e+01
2.111459196345018796e+01
9.224311113357543945e-01
1.175016611814498901e-01
2.484747877684672801e+01
1.736355103591261440e+01
9.224739670753479004e-01
6.175031065940856934e-01
2.484748040142407177e+01
2.036172986158192444e+01
7.752401381731033325e-02
3.824967443943023682e-01
2.484748040373338540e+01
1.981947148450618812e+01
4.293113052845001221e-01
6.170408725738525391e-01
2.140042845829990270e+01
1.951094227174342777e+01
7.752548903226852417e-02
8.825365900993347168e-01
2.484747966687827514e+01
2.259760549651116079e+01
9.224755764007568359e-01
6.175031065940856934e-01
2.484748040380446099e+01
1.875555049722549228e+01
4.293391704559326172e-01
6.169920563697814941e-01
2.140042681564877114e+01
1.955850605320719637e+01
4.354664385318756104e-01
1.183141022920608521e-01
2.036587189207630644e+01
1.755566685722513043e+01
7.796445488929748535e-02
8.853525519371032715e-01
2.267810721663742157e+01
1.617559384843968573e+01
9.220353364944458008e-01
6.146818995475769043e-01
2.267810628205902646e+01
1.374789805868187997e+01
4.354687929153442383e-01
6.182720065116882324e-01
2.036587218824760015e+01
2.028093543413216437e+01
9.220071434974670410e-01
6.146324872970581055e-01
2.267810680625152386e+01
1.975284811498115189e+01
5.645436048507690430e-01
3.817143440246582031e-01
2.036587212633004640e+01
1.782357837830303993e+01
4.354518353939056396e-01
1.182755157351493835e-01
2.036587209077510252e+01
1.812282520028339761e+01
5.645241737365722656e-01
3.817247450351715088e-01
2.036587213448565237e+01
1.799430613482972774e+01
4.354675710201263428e-01
1.182758286595344543e-01
2.036587219481323885e+01
1.706746682448026320e+01
9.220287799835205078e-01
6.146325469017028809e-01
2.267810728059654224e+01
1.866097915592485279e+01
4.354642629623413086e-01
1.182517409324645996e-01
2.036587208361092749e+01
1.736709870055936378e+01
9.220210909843444824e-01
6.146326661109924316e-01
2.267810717915128293e+01
1.677560426189850418e+01
4.354642629623413086e-01
1.182755082845687866e-01
2.036587219679877592e+01
1.989115393132185261e+01
7.796420156955718994e-02
8.853284716606140137e-01
2.267810666945280218e+01
1.813566890356845818e+01
7.793611288070678711e-02
8.853666782379150391e-01
2.267810680311185578e+01
1.930281274969083682e+01
5.645316243171691895e-01
3.817240297794342041e-01
2.036587219240443858e+01
1.798404176042923908e+01
9.219998121261596680e-01
1.140399947762489319e-01
2.267795747401355655e+01
1.826882132450394991e+01
7.800748944282531738e-02
3.853700757026672363e-01
2.267810615059303103e+01
1.737062089815010424e+01
9.220170974731445312e-01
6.146325469017028809e-01
2.267810709725645424e+01
1.758929020715505231e+01
9.219061136245727539e-01
1.144745200872421265e-01
2.267808631512068018e+01
1.917698238412963718e+01
-8.093443512916564941e-02
6.172950267791748047e-01
2.305924663148731213e+01
1.267446421427354153e+01
9.190551042556762695e-01
1.173044219613075256e-01
2.305924661392518971e+01
2.014738237306340451e+01
8.094055205583572388e-02
8.828673958778381348e-01
2.305923357509109906e+01
1.868573149289384361e+01
8.094326406717300415e-02
3.826954662799835205e-01
2.305924663290613097e+01
1.625533539129886051e+01
5.714833140373229980e-01
3.762495815753936768e-01
1.991802983555810869e+01
1.877846137335072285e+01
8.097741007804870605e-02
3.828939497470855713e-01
2.305922811021907748e+01
1.901043412941405464e+01
8.093556761741638184e-02
3.826953470706939697e-01
2.305924667344632439e+01
1.719379173208964318e+01
8.093556761741638184e-02
-1.173046007752418518e-01
2.305924667344490686e+01
1.776411228324470315e+01
9.190493822097778320e-01
6.173044443130493164e-01
2.305924651870789432e+01
1.997922916096086965e+01
4.285166561603546143e-01
6.237534880638122559e-01
1.991802983460194199e+01
1.915241554724753570e+01
8.093563467264175415e-02
3.827046453952789307e-01
2.305924663518097262e+01
1.507946683931542964e+01
4.285166561603546143e-01
6.237492561340332031e-01
1.991802983516304693e+01
1.958281702505642841e+01
4.285166561603546143e-01
6.237491369247436523e-01
1.991802983509904479e+01
1.750250389722356559e+01
4.284961223602294922e-01
1.123750805854797363e+00
1.991802966820351983e+01
1.794061552760538447e+01
4.285159707069396973e-01
6.237508654594421387e-01
1.991802983539791683e+01
1.756714846828175425e+01
8.093992620706558228e-02
8.826893568038940430e-01
2.305924664433958071e+01
1.767203123093467099e+01
9.190557599067687988e-01
1.173043549060821533e-01
2.305924662197357122e+01
1.851134940947047269e+01
5.714833140373229980e-01
3.762592673301696777e-01
1.991802981956467633e+01
1.789954950584652948e+01
8.093548566102981567e-02
3.826928734779357910e-01
2.305924667074990708e+01
2.003222483617241423e+01
9.190723896026611328e-01
6.173047423362731934e-01
2.305924663041865230e+01
2.155619331662688154e+01
5.645348429679870605e-01
3.926989138126373291e-01
1.971991773274376669e+01
1.790145211958666494e+01
9.189464449882507324e-01
1.128113791346549988e-01
2.281050754089410759e+01
1.860028249176540172e+01
9.189814925193786621e-01
6.128123998641967773e-01
2.281050828659230589e+01
1.890320801941178175e+01
4.354760646820068359e-01
6.073015332221984863e-01
1.971991777701752468e+01
1.926824523681877466e+01
9.189814925193786621e-01
6.128123998641967773e-01
2.281050828659230589e+01
1.764135669324953071e+01
4.354759752750396729e-01
6.073006391525268555e-01
1.971991777728095840e+01
1.688947996060073109e+01
4.354786872863769531e-01
1.073007583618164062e-01
1.971991777450640271e+01
1.742068598921744993e+01
5.645239949226379395e-01
8.926995396614074707e-01
1.971991777729992634e+01
1.782780120485182351e+01
5.645463466644287109e-01
3.927093446254730225e-01
1.971991758755356727e+01
1.721015480878497428e+01
9.189807176589965820e-01
6.127595305442810059e-01
2.281050703500844890e+01
1.648228416928782636e+01
4.354938566684722900e-01
1.072927042841911316e-01
1.971991763781529983e+01
1.952574926105624087e+01
4.354601502418518066e-01
1.072950810194015503e-01
1.971991768382136101e+01
1.786042611653114776e+01
9.189804196357727051e-01
6.127689480781555176e-01
2.281050744115082907e+01
1.506942662692423696e+01
9.189285635948181152e-01
6.128074526786804199e-01
2.281050658042374479e+01
1.774905508690410016e+01
4.354800879955291748e-01
1.073109805583953857e-01
1.971991775350339893e+01
1.780661289456696750e+01
8.101842552423477173e-02
3.872067630290985107e-01
2.281050812231828573e+01
1.776113266045368277e+01
5.645220279693603516e-01
8.926854133605957031e-01
1.971991774167995715e+01
1.638235734883932793e+01
4.354752600193023682e-01
1.072935909032821655e-01
1.971991776974707022e+01
1.834507001370225510e+01
8.101849257946014404e-02
3.871876299381256104e-01
2.281050828659301288e+01
1.907392261559573399e+01
8.101852238178253174e-02
3.871906399726867676e-01
2.281050828250410945e+01
1.816850889566900662e+01
9.708587825298309326e-02
8.818038105964660645e-01
1.805906022852099824e+01
1.447825480674194054e+01
9.707085788249969482e-02
3.818037211894989014e-01
1.805906032394306138e+01
1.358716416334535815e+01
9.028700590133666992e-01
6.180394291877746582e-01
1.805904917953484201e+01
1.373327143563711417e+01
5.762731432914733887e-01
3.792167603969573975e-01
1.534382319024556907e+01
1.271428318920789025e+01
5.765812397003173828e-01
3.789369761943817139e-01
1.534378496985494600e+01
1.445967514572759427e+01
9.707082808017730713e-02
-1.181934475898742676e-01
1.805906032101390579e+01
1.349208598429350303e+01
5.762805342674255371e-01
3.791804015636444092e-01
1.534382350812754758e+01
1.233684061298987800e+01
9.029291272163391113e-01
1.181961745023727417e-01
1.805906032394664606e+01
1.375670564917091809e+01
5.762574076652526855e-01
3.791108727455139160e-01
1.534382277958342122e+01
1.158594783092975256e+01
5.762799978256225586e-01
3.791145086288452148e-01
1.534382301469013754e+01
1.324776626150213765e+01
5.762686133384704590e-01
8.791715502738952637e-01
1.534382347323059292e+01
1.465636494909224474e+01
4.237549901008605957e-01
1.208288818597793579e-01
1.534382310555038664e+01
1.306375363447628501e+01
9.707097709178924561e-02
3.818036615848541260e-01
1.805906032392817906e+01
1.792888707366628154e+01
5.762943625450134277e-01
8.791557550430297852e-01
1.534382341505513914e+01
1.438350727850237654e+01
5.762649178504943848e-01
-1.208281517028808594e-01
1.534382343989631181e+01
1.262099988440894194e+01
9.707123041152954102e-02
8.818038105964660645e-01
1.805906032387994742e+01
1.526399788387234580e+01
4.237196147441864014e-01
1.208390071988105774e-01
1.534382350138169571e+01
1.352924950864366593e+01
9.707242250442504883e-02
-1.181961596012115479e-01
1.805906032287909113e+01
1.248438439750787410e+01
9.647457301616668701e-02
3.818033635616302490e-01
1.805891010269569108e+01
1.553371594874444739e+01
9.029260873794555664e-01
1.181924119591712952e-01
1.805906031436062520e+01
1.358718750870378855e+01
6.252098679542541504e-01
3.771167993545532227e-01
1.745212471654892283e+01
1.725633662029717996e+01
9.077622294425964355e-01
6.188575029373168945e-01
2.042897916610384357e+01
1.815723763263772383e+01
9.223776310682296753e-02
8.811413645744323730e-01
2.042897916462311159e+01
1.344639580477027785e+01
6.252334117889404297e-01
3.771134018898010254e-01
1.745212462281122612e+01
1.601506802055538614e+01
9.077605009078979492e-01
1.189167052507400513e-01
2.042897763907297914e+01
1.537075712217410484e+01
6.251349449157714844e-01
3.770647943019866943e-01
1.745212351551675667e+01
1.533521163207366733e+01
9.223769605159759521e-02
3.811421394348144531e-01
2.042897916575503459e+01
1.400521351975326922e+01
3.747887909412384033e-01
6.229460835456848145e-01
1.745212408174623420e+01
1.389829117301970207e+01
6.251456141471862793e-01
3.771209716796875000e-01
1.745212419899822720e+01
1.385482960512055683e+01
1.092236518859863281e+00
3.811435401439666748e-01
2.042897916584276174e+01
1.119572989969622157e+01
6.251725554466247559e-01
3.771217465400695801e-01
1.745212455188986667e+01
1.643270917929062946e+01
9.226227551698684692e-02
8.811418414115905762e-01
2.042897886543670793e+01
1.728559001728560318e+01
9.223777800798416138e-02
3.811409473419189453e-01
2.042897916380406897e+01
1.543194240276603502e+01
9.077621102333068848e-01
6.188653707504272461e-01
2.042897913346792649e+01
1.398645892879146402e+01
3.747214078903198242e-01
6.228859424591064453e-01
1.745212402283213393e+01
1.457954470600357588e+01
1.092204689979553223e+00
8.811442852020263672e-01
2.042897862548534960e+01
1.270203584958616005e+01
9.077621698379516602e-01
6.188559532165527344e-01
2.042897916637017275e+01
1.439351686603032121e+01
3.747993707656860352e-01
1.228349506855010986e-01
1.745212435524332406e+01
1.602086104114501097e+01
9.223834425210952759e-02
3.811297714710235596e-01
2.042897908716889432e+01
1.805091931074463574e+01
9.223747253417968750e-02
8.811499476432800293e-01
2.042897914889543287e+01
1.754347753975824986e+01
8.266765624284744263e-02
8.818367719650268555e-01
2.379655977619025720e+01
1.680435571474137291e+01
5.763927698135375977e-01
8.782577514648437500e-01
2.085128701320939371e+01
1.858047698649494706e+01
9.173260927200317383e-01
1.181555837392807007e-01
2.379655977829670377e+01
1.964811183324462718e+01
5.763438344001770020e-01
8.782155513763427734e-01
2.085128754760626180e+01
1.758653374548980253e+01
8.266860991716384888e-02
8.818495869636535645e-01
2.379655979126611953e+01
2.309778279023188574e+01
9.173261523246765137e-01
6.174803376197814941e-01
2.379635118809242655e+01
2.094818834004522756e+01
4.236564338207244873e-01
6.217411756515502930e-01
2.085128790871459614e+01
1.824177773206056585e+01
9.173316359519958496e-01
1.181555092334747314e-01
2.379655980336290355e+01
1.747795762830260102e+01
9.173293113708496094e-01
1.181555837392807007e-01
2.379655979797052368e+01
1.838437861619637559e+01
8.266869932413101196e-02
3.825094699859619141e-01
2.379635749858903182e+01
1.912707528184395755e+01
4.236227273941040039e-01
6.217425465583801270e-01
2.085128748824863365e+01
1.909542329719498710e+01
8.266987651586532593e-02
3.818444609642028809e-01
2.379655980069567889e+01
1.770537253126961019e+01
8.266784995794296265e-02
8.818426728248596191e-01
2.379655980202760190e+01
1.636486454413505953e+01
5.763435959815979004e-01
3.782587349414825439e-01
2.085128790871541682e+01
2.018429294003838947e+01
8.266784995794296265e-02
3.818431794643402100e-01
2.379655980275760641e+01
1.861779382303295449e+01
9.173316359519958496e-01
1.118155598640441895e+00
2.379655980335891030e+01
1.623543732390756489e+01
9.173317551612854004e-01
1.181554570794105530e-01
2.379655980343900623e+01
2.379268761510435581e+01
8.272354304790496826e-02
3.815228343009948730e-01
2.379651053624524693e+01
1.907057900433616382e+01
4.236516654491424561e-01
6.217362284660339355e-01
2.085128789530379478e+01
1.884087371297806968e+01
4.236564338207244873e-01
6.217415928840637207e-01
2.085128790869395132e+01
1.864886660907335525e+01
7.999376207590103149e-02
3.840340077877044678e-01
2.552242471365420329e+01
1.666013861197117762e+01
7.999173551797866821e-02
8.840361833572387695e-01
2.552242470814836039e+01
2.043157364300505208e+01
5.693241357803344727e-01
8.848761916160583496e-01
2.242112226237804151e+01
1.982007665029259158e+01
7.999368011951446533e-02
3.840304315090179443e-01
2.552242470724813117e+01
1.653674557025269110e+01
4.306801855564117432e-01
1.150674149394035339e-01
2.242112158328961868e+01
2.135557695599676009e+01
7.999483495950698853e-02
3.840332925319671631e-01
2.552242471244904465e+01
1.950922103626193049e+01
5.693177580833435059e-01
-1.151241660118103027e-01
2.242112229019415892e+01
1.990041953157766130e+01
7.999422401189804077e-02
3.840351998805999756e-01
2.552242471283260272e+01
1.993219434498782761e+01
5.685328245162963867e-01
8.848762512207031250e-01
2.242083509244886841e+01
2.015448557550057629e+01
4.306891560554504395e-01
6.150661706924438477e-01
2.242112152972953254e+01
2.208813326625230644e+01
4.306852817535400391e-01
6.151707768440246582e-01
2.242112182231166173e+01
2.027500262053504798e+01
5.693160891532897949e-01
3.848714828491210938e-01
2.242112228749748937e+01
2.154581810635067285e+01
5.693179368972778320e-01
3.849160075187683105e-01
2.242112193612177151e+01
1.823511163215555086e+01
9.200038313865661621e-01
6.159659028053283691e-01
2.552242470911168937e+01
1.993108639918167313e+01
5.693342685699462891e-01
3.848772346973419189e-01
2.242112214031027406e+01
1.966671038949743178e+01
9.200031161308288574e-01
6.159479618072509766e-01
2.552242454792777338e+01
1.978217211851711710e+01
4.306723475456237793e-01
6.151234507560729980e-01
2.242112223084463452e+01
2.000026659343574664e+01
5.693182945251464844e-01
-1.151241362094879150e-01
2.242112228931237539e+01
1.970094717624531100e+01
7.996941357851028442e-02
8.840256929397583008e-01
2.552242422285533507e+01
2.077345306013529225e+01
7.999729365110397339e-02
8.840341567993164062e-01
2.552242470389773388e+01
2.081936717089670097e+01
8.641599118709564209e-02
3.824708759784698486e-01
2.073177927461863135e+01
1.762809279002062368e+01
-8.637676388025283813e-02
6.175393462181091309e-01
2.073177903556356938e+01
1.510214179202441898e+01
9.135989546775817871e-01
1.175085976719856262e-01
2.073177921995632289e+01
1.648554227653047377e+01
1.086365938186645508e+00
3.824759721755981445e-01
2.073177872825302615e+01
1.145034421582011142e+01
4.258498251438140869e-01
6.123818159103393555e-01
1.851104620890320973e+01
1.433063280572280718e+01
5.743184685707092285e-01
3.876631259918212891e-01
1.851103415604032065e+01
1.711218583230584045e+01
1.086361408233642578e+00
8.824709653854370117e-01
2.073177855889818488e+01
1.190809900706021196e+01
9.135442972183227539e-01
6.179997324943542480e-01
2.073168651882117075e+01
1.674188388420509099e+01
1.086400270462036133e+00
3.824709355831146240e-01
2.073177939223358024e+01
1.077650657231462006e+01
5.741444826126098633e-01
3.875383436679840088e-01
1.851104543167349448e+01
1.334849480142267097e+01
9.135829210281372070e-01
1.175234764814376831e-01
2.073177924382567738e+01
1.763297710585110778e+01
9.135982990264892578e-01
1.175479739904403687e-01
2.073177924490123658e+01
1.735133491206581979e+01
9.145492315292358398e-01
1.117529749870300293e+00
2.073129844164044044e+01
1.529439489730729029e+01
8.640102297067642212e-02
3.817912638187408447e-01
2.073158894958621090e+01
1.666400836075069947e+01
8.641867339611053467e-02
3.824701905250549316e-01
2.073177922818856800e+01
1.746115393352401313e+01
5.741577148437500000e-01
3.876014947891235352e-01
1.851104626514682749e+01
1.278526257866981375e+01
1.086390733718872070e+00
3.824709355831146240e-01
2.073177933595785660e+01
1.182736532465103885e+01
5.741467475891113281e-01
3.875635862350463867e-01
1.851104600153443513e+01
1.506746350478521812e+01
5.741482377052307129e-01
3.875914216041564941e-01
1.851104628202992686e+01
1.502254684330474532e+01
5.741118192672729492e-01
3.875921666622161865e-01
1.851104573176096579e+01
1.302578276965212822e+01
7.819189131259918213e-02
3.833918571472167969e-01
2.479684511279432613e+01
2.024133703417681218e+01
5.711544752120971680e-01
8.774586319923400879e-01
2.231984510418222811e+01
2.074007870505639772e+01
5.718052387237548828e-01
8.774876594543457031e-01
2.232007719407760149e+01
1.733901922335639867e+01
5.718102455139160156e-01
3.774877786636352539e-01
2.232007718370951466e+01
1.856519406272311201e+01
7.819214463233947754e-02
3.834024369716644287e-01
2.479684506065902738e+01
1.950177812706753144e+01
7.819189131259918213e-02
3.834025859832763672e-01
2.479684505913574100e+01
2.094910211446637049e+01
7.819186151027679443e-02
3.833895027637481689e-01
2.479684511016965587e+01
2.034606947127962684e+01
7.819254696369171143e-02
8.833923935890197754e-01
2.479684511240837708e+01
2.016451011065619170e+01
-7.815123349428176880e-02
6.166093349456787109e-01
2.479684384267027042e+01
1.560282421937555064e+01
4.287520051002502441e-01
1.225118786096572876e-01
2.231990709952433605e+01
2.054456646086014615e+01
9.218080043792724609e-01
6.166069507598876953e-01
2.479684511215084441e+01
2.206975576114288273e+01
4.281941354274749756e-01
1.225219145417213440e-01
2.232007717309878458e+01
2.173559186149201139e+01
7.819237560033798218e-02
3.833918869495391846e-01
2.479684511266072278e+01
1.920322607562919259e+01
5.718072652816772461e-01
8.774700760841369629e-01
2.232007712178276648e+01
1.731771948591985577e+01
7.821537554264068604e-02
3.833930194377899170e-01
2.479684469256666546e+01
1.909100803354148468e+01
7.819400727748870850e-02
3.833920359611511230e-01
2.479684510956067811e+01
1.892194779020921303e+01
-7.819113135337829590e-02
6.166273355484008789e-01
2.479684494020121122e+01
1.508002026247984872e+01
5.718052387237548828e-01
8.774026036262512207e-01
2.232007553054100057e+01
1.773839183662408914e+01
1.078147172927856445e+00
3.834469616413116455e-01
2.479684209634942960e+01
1.859658235936147364e+01
7.819440960884094238e-02
8.833920359611511230e-01
2.479684510817194010e+01
1.947362594748054221e+01
9.227293729782104492e-01
1.147097274661064148e-01
2.529323259535532387e+01
2.088551058159837126e+01
5.733205080032348633e-01
3.821027278900146484e-01
2.263051819204737924e+01
2.178625306674431883e+01
4.266822040081024170e-01
6.179618239402770996e-01
2.263051915979568918e+01
1.752160193026465862e+01
9.227312207221984863e-01
1.114677548408508301e+00
2.529323292321363681e+01
1.514860967367098432e+01
9.227333068847656250e-01
6.147294640541076660e-01
2.529323191331870646e+01
1.693289409100765397e+01
9.227308034896850586e-01
6.148271560668945312e-01
2.529322299023391452e+01
2.222568061242893478e+01
4.266828894615173340e-01
1.179847419261932373e-01
2.263051904686361837e+01
1.998300071620313645e+01
9.227310419082641602e-01
6.147021055221557617e-01
2.529323276695185996e+01
1.919754334064948864e+01
7.726772874593734741e-02
8.853044509887695312e-01
2.529323286582027919e+01
1.870569661686088736e+01
9.227234125137329102e-01
6.146824359893798828e-01
2.529323288598049402e+01
2.059101208584287690e+01
7.726836204528808594e-02
8.853166699409484863e-01
2.529323293872186440e+01
1.608890774594665629e+01
7.727349549531936646e-02
3.853176534175872803e-01
2.529323291803753904e+01
1.584524491339780461e+01
7.726844400167465210e-02
-1.146832183003425598e-01
2.529323293872318601e+01
1.972064894079490927e+01
7.726836949586868286e-02
3.853167593479156494e-01
2.529323293872698741e+01
2.297780767270318947e+01
4.266795516014099121e-01
6.178990602493286133e-01
2.263051824439779836e+01
1.770596726288539458e+01
5.733175277709960938e-01
8.820309638977050781e-01
2.263051915003766013e+01
1.997085617213199882e+01
5.733209252357482910e-01
8.820370435714721680e-01
2.263051915500511058e+01
2.241026133697902267e+01
4.266810119152069092e-01
1.117912173271179199e+00
2.263051858444145381e+01
1.880832692817038421e+01
9.227319359779357910e-01
6.146832108497619629e-01
2.529323293865210687e+01
2.335905004044265709e+01
4.266823530197143555e-01
6.179636120796203613e-01
2.263051915958424232e+01
2.021249374575166513e+01
8.266530185937881470e-02
-1.171184778213500977e-01
2.257525374530263917e+01
1.562442848113701643e+01
4.132014214992523193e-01
6.313084363937377930e-01
2.013311955278997445e+01
1.556576588369076752e+01
9.173184633255004883e-01
1.171320900321006775e-01
2.257525365904524861e+01
1.711212528565406998e+01
5.867909193038940430e-01
3.687624633312225342e-01
2.013312050122993213e+01
1.714191243708014056e+01
4.131870567798614502e-01
1.312503516674041748e-01
2.013312039943252785e+01
1.573561362000011776e+01
9.173343181610107422e-01
6.171195507049560547e-01
2.257525375836584303e+01
1.754117320248098366e+01
5.867974162101745605e-01
3.687621653079986572e-01
2.013312051697229421e+01
1.988733527990323680e+01
8.266522735357284546e-02
8.828672766685485840e-01
2.257525383539307740e+01
1.744739372520419352e+01
9.173290729522705078e-01
6.171296238899230957e-01
2.257525380987898345e+01
1.380323361713370112e+01
4.132044017314910889e-01
1.131148219108581543e+00
2.013311897303767140e+01
1.657068653105003975e+01
4.132031500339508057e-01
6.312076449394226074e-01
2.013312034271170958e+01
1.791017000428877282e+01
5.867994427680969238e-01
8.687621355056762695e-01
2.013312051551571358e+01
1.827657642167781304e+01
5.867940187454223633e-01
8.687626719474792480e-01
2.013312051260632174e+01
1.815891395644444017e+01
4.132035374641418457e-01
1.131196856498718262e+00
2.013312019516200024e+01
1.546545331676195545e+01
9.173043370246887207e-01
6.171309947967529297e-01
2.257525322290573655e+01
1.556977684477283219e+01
5.867967009544372559e-01
3.688049018383026123e-01
2.013312016694393236e+01
1.973409730743702184e+01
5.868033766746520996e-01
3.687823116779327393e-01
2.013312042569122440e+01
1.901561560677021845e+01
4.131984710693359375e-01
1.312470436096191406e-01
2.013312049439750240e+01
1.746905110519784188e+01
8.266604691743850708e-02
8.828863501548767090e-01
2.257525367377679970e+01
2.074751837169718982e+01
9.173349142074584961e-01
1.171328201889991760e-01
2.257525383538503405e+01
1.940129564273618001e+01
4.255266189575195312e-01
1.126989364624023438e+00
2.185908341949102152e+01
1.802275061252309030e+01
5.744752287864685059e-01
3.729759454727172852e-01
2.185908367934407792e+01
1.897510465712035455e+01
5.744752883911132812e-01
3.729400932788848877e-01
2.185908339280515733e+01
1.882689195762579715e+01
9.203445911407470703e-01
1.160171777009963989e-01
2.415498732579832364e+01
1.340711202588020967e+01
4.254982173442840576e-01
1.270267814397811890e-01
2.185908327763921477e+01
1.776171946459653483e+01
7.965546101331710815e-02
8.840104341506958008e-01
2.415498767531617474e+01
1.919837949999503479e+01
9.203438162803649902e-01
6.159741282463073730e-01
2.415498756543633974e+01
1.315465540833298519e+01
4.254300296306610107e-01
6.270241737365722656e-01
2.185907884497880360e+01
1.869297146005495946e+01
4.255275428295135498e-01
6.269572377204895020e-01
2.185908270611358262e+01
1.658231202634364010e+01
4.254983067512512207e-01
1.270434707403182983e-01
2.185908320662776205e+01
1.885377944771912340e+01
5.744741559028625488e-01
8.729758858680725098e-01
2.185908367993384971e+01
2.180760760581364721e+01
7.965632528066635132e-02
8.840190768241882324e-01
2.415498764040265911e+01
1.953977466531868856e+01
5.744732022285461426e-01
3.729761838912963867e-01
2.185908367947613229e+01
2.067120043555446784e+01
9.203191399574279785e-01
6.159893274307250977e-01
2.415498722207588500e+01
1.957816610746121455e+01
4.255177676677703857e-01
1.270225942134857178e-01
2.185908364509234048e+01
2.162090800612870467e+01
4.255428910255432129e-01
6.270217895507812500e-01
2.185908352662114140e+01
2.120976979300673904e+01
4.254948794841766357e-01
6.270228624343872070e-01
2.185908317403632140e+01
2.162440513874587111e+01
4.255312085151672363e-01
6.270233988761901855e-01
2.185908366479282705e+01
1.971767032622578597e+01
5.744741559028625488e-01
8.729758262634277344e-01
2.185908367992424672e+01
1.865133033168612542e+01
5.744717121124267578e-01
3.729764223098754883e-01
2.185908367680745101e+01
2.046181109482547100e+01
