5.873778462409973145e-01
6.170293092727661133e-01
1.947540375906743648e+01
1.394531201210507376e+01
8.719003945589065552e-02
3.824677467346191406e-01
1.947529649235906035e+01
1.654008523829777744e+01
4.125794768333435059e-01
3.829449713230133057e-01
1.947540311530302048e+01
1.684772504136006432e+01
8.737771958112716675e-02
8.829752802848815918e-01
1.947540365965873832e+01
1.796900737191731778e+01
8.737781643867492676e-02
3.829683065414428711e-01
1.947540380417951766e+01
1.507522112649295210e+01
9.126221537590026855e-01
6.170356273651123047e-01
1.947540386886129937e+01
1.138079768408316816e+01
9.126220941543579102e-01
1.117053508758544922e+00
1.947540400976781783e+01
1.338703221793514508e+01
9.125975966453552246e-01
6.170548200607299805e-01
1.947540371532485182e+01
1.679040888116406904e+01
9.126217365264892578e-01
6.170786023139953613e-01
1.947540378426376151e+01
1.011795496428971397e+01
4.126217663288116455e-01
3.829076886177062988e-01
1.947540345230643410e+01
1.693056064021155294e+01
5.873783230781555176e-01
6.170935034751892090e-01
1.947540341646164563e+01
1.367608605524037912e+01
5.873783230781555176e-01
6.170874238014221191e-01
1.947540358757046874e+01
1.425057968107022255e+01
5.873783230781555176e-01
6.171005964279174805e-01
1.947540318016358540e+01
1.640186979157200042e+01
9.125856161117553711e-01
6.170545816421508789e-01
1.947540335493828678e+01
1.342551244318244130e+01
9.126216769218444824e-01
1.170726716518402100e-01
1.947540388214438423e+01
1.279725731605283556e+01
4.126222133636474609e-01
3.829703629016876221e-01
1.947540376553331498e+01
1.646367021407425923e+01
5.873769521713256836e-01
6.169875860214233398e-01
1.947540224711113410e+01
1.882454925342205243e+01
9.126216173171997070e-01
1.171047091484069824e-01
1.947540302505725762e+01
1.545924389708075708e+01
8.737819641828536987e-02
3.829132914543151855e-01
1.947540360580524066e+01
1.374234788662814921e+01
8.737847208976745605e-02
3.829138278961181641e-01
1.947540361916233564e+01
1.228287652693739496e+01
9.166562557220458984e-01
1.196511462330818176e-01
2.211984698600832644e+01
1.566680335483370357e+01
9.166563153266906738e-01
1.196612417697906494e-01
2.211984687990352327e+01
1.495261001060687533e+01
5.833349227905273438e-01
1.196443066000938416e-01
2.211984695174542992e+01
1.751327756920226975e+01
5.833430290222167969e-01
1.196267828345298767e-01
2.211984687746172185e+01
1.988213206933057364e+01
9.166561961174011230e-01
1.196536570787429810e-01
2.211984696787514793e+01
1.684816971943320851e+01
5.833439826965332031e-01
1.196481883525848389e-01
2.211984700036680351e+01
1.952531472285161840e+01
1.083325147628784180e+00
8.803553581237792969e-01
2.211984676423750784e+01
1.429832297613109837e+01
5.833436846733093262e-01
6.196592450141906738e-01
2.211984690789609687e+01
1.384552617595728208e+01
5.833439826965332031e-01
1.119643688201904297e+00
2.211984700767895262e+01
1.644879768401939302e+01
8.334393054246902466e-02
8.803558945655822754e-01
2.211984700774124946e+01
2.007518945985847125e+01
9.166563749313354492e-01
1.196543946862220764e-01
2.211984696148809348e+01
1.725043205278560521e+01
5.833455324172973633e-01
1.119643330574035645e+00
2.211984700575737151e+01
1.586068669816475207e+01
4.166551530361175537e-01
3.803939819335937500e-01
2.211984638042677176e+01
1.233391007204451384e+01
5.833079218864440918e-01
6.196348667144775391e-01
2.211984606991070024e+01
1.890914073407656204e+01
4.166560769081115723e-01
8.803294897079467773e-01
2.211984670464443070e+01
1.726550885359241150e+01
8.334346115589141846e-02
3.803277313709259033e-01
2.211984666308104153e+01
1.675071835781595908e+01
4.166549742221832275e-01
3.803657293319702148e-01
2.211984696553282959e+01
2.095493347634113235e+01
4.166480004787445068e-01
-1.196419745683670044e-01
2.211984696120351046e+01
1.451624696779995460e+01
9.166275262832641602e-01
6.196386814117431641e-01
2.211984643558465535e+01
1.761791650039938517e+01
8.334076404571533203e-02
8.803555369377136230e-01
2.211984700077559651e+01
2.109655087989881750e+01
5.858412981033325195e-01
1.117912173271179199e+00
2.016607503176014049e+01
1.520176718464921173e+01
9.141585826873779297e-01
1.117897272109985352e+00
2.016607478767293316e+01
1.108229283094022399e+01
1.085820317268371582e+00
3.820685446262359619e-01
2.016607484401537675e+01
1.010875431586838857e+01
8.580107241868972778e-02
3.820755481719970703e-01
2.016607420716344024e+01
1.876173494602397085e+01
4.141589999198913574e-01
3.820749521255493164e-01
2.016607509811301213e+01
1.974316193203907943e+01
5.858410000801086426e-01
1.179252713918685913e-01
2.016607509808118692e+01
1.610747838316142122e+01
4.141568839550018311e-01
3.821138441562652588e-01
2.016607448707681627e+01
1.385363571779501513e+01
4.141598343849182129e-01
3.820312023162841797e-01
2.016607432203235817e+01
1.026315087105938240e+01
8.583478629589080811e-02
8.820437788963317871e-01
2.016607468451097773e+01
1.896582480880097066e+01
8.584115654230117798e-02
3.820664882659912109e-01
2.016607506867670452e+01
1.742441200127940704e+01
8.582465350627899170e-02
8.820747137069702148e-01
2.016607494898191533e+01
1.700018949400568147e+01
9.141570329666137695e-01
6.178930997848510742e-01
2.016607468570105155e+01
1.375983876570348485e+01
8.584038913249969482e-02
8.820428252220153809e-01
2.016607467917433638e+01
1.633632980385048583e+01
5.858410000801086426e-01
6.179249882698059082e-01
2.016607509811467480e+01
1.989760733207005572e+01
9.141588807106018066e-01
1.179173141717910767e-01
2.016607507433531765e+01
1.647638984778777882e+01
8.584768325090408325e-02
8.820756077766418457e-01
2.016607507300117064e+01
1.894324196838298491e+01
4.141736328601837158e-01
8.820747733116149902e-01
2.016607497862735343e+01
1.605108130865339788e+01
4.141589701175689697e-01
8.820747137069702148e-01
2.016607509807672471e+01
1.607091377747736161e+01
4.141598343849182129e-01
3.820246756076812744e-01
2.016607407363843407e+01
1.190133229900509804e+01
8.584415167570114136e-02
8.820749521255493164e-01
2.016607509252966679e+01
1.740876438854451536e+01
9.586367011070251465e-02
8.796890974044799805e-01
1.737295787035550632e+01
1.525298508288433474e+01
4.041553735733032227e-01
3.797438144683837891e-01
1.737295688795945026e+01
1.086802887393112904e+01
-9.577779471874237061e-02
1.203099936246871948e-01
1.737295614655405274e+01
1.147475680876083182e+01
5.958487987518310547e-01
6.203113198280334473e-01
1.737295799702864940e+01
1.505910520475134717e+01
4.041534662246704102e-01
3.796308040618896484e-01
1.737295677005610983e+01
1.204120626563850038e+01
9.581965953111648560e-02
3.796890974044799805e-01
1.737295772883648226e+01
1.626760537564402753e+01
9.041537046432495117e-01
1.203587278723716736e-01
1.737295717474668777e+01
1.426855472956982851e+01
4.041108787059783936e-01
3.796879351139068604e-01
1.737295724102333949e+01
1.592769222122389117e+01
4.041761755943298340e-01
3.796890974044799805e-01
1.737295780903865605e+01
1.282952504147955786e+01
-9.579520672559738159e-02
1.203105151653289795e-01
1.737295697615805778e+01
1.278115172419077084e+01
4.041553735733032227e-01
-1.202518492937088013e-01
1.737295670584511953e+01
1.001557734375012387e+01
9.041139483451843262e-01
6.203284263610839844e-01
1.737295724314712331e+01
1.493611262241705973e+01
9.041575193405151367e-01
1.120265722274780273e+00
1.737295723724175645e+01
1.115753476335790850e+01
5.958607196807861328e-01
1.203073784708976746e-01
1.737295790361832459e+01
1.461968636681087297e+01
5.958454608917236328e-01
1.203000620007514954e-01
1.737295795492209294e+01
1.335821510089472142e+01
9.584656357765197754e-02
8.796542286872863770e-01
1.737295756420112625e+01
1.264635755378134085e+01
9.041896462440490723e-01
6.202774047851562500e-01
1.737295708982453846e+01
1.318461088755580946e+01
4.041553735733032227e-01
-1.202488914132118225e-01
1.737295657370390245e+01
1.167217489843518585e+01
9.041883349418640137e-01
6.203367114067077637e-01
1.737295728988167909e+01
1.699120101638046521e+01
5.957959294319152832e-01
6.203101277351379395e-01
1.737295700522486541e+01
1.494874791744961051e+01
4.002853333950042725e-01
-1.249837651848793030e-01
1.645967270851621933e+01
9.361011617682564179e+00
9.002853035926818848e-01
6.252302527427673340e-01
1.645965413314000259e+01
1.453838708813081837e+01
4.002853333950042725e-01
3.749970793724060059e-01
1.645967279832102648e+01
1.404202832133133505e+01
4.002768993377685547e-01
3.750000000000000000e-01
1.645967277254032979e+01
1.418024136293994353e+01
5.997110009193420410e-01
1.249999925494194031e-01
1.645967279610955458e+01
1.477270374449868839e+01
5.997145771980285645e-01
1.250463426113128662e-01
1.645967204509555870e+01
8.112019833678564495e+00
5.997146368026733398e-01
1.250144541263580322e-01
1.645967272775967416e+01
9.390600202950455611e+00
4.002908170223236084e-01
8.750236034393310547e-01
1.645967259336411814e+01
8.131903870488436326e+00
4.002853929996490479e-01
-1.249984055757522583e-01
1.645967280043059233e+01
1.012981826151585452e+01
5.997123718261718750e-01
1.250000149011611938e-01
1.645967279931716121e+01
1.417438370358985900e+01
9.974271804094314575e-02
8.749998807907104492e-01
1.645967248570155306e+01
1.428397297669169319e+01
5.996109247207641602e-01
1.249269396066665649e-01
1.645966662254441104e+01
1.338131383503774963e+01
9.970466792583465576e-02
3.750403821468353271e-01
1.645967218758039152e+01
1.177323812969210337e+01
9.974247217178344727e-02
8.749999403953552246e-01
1.645967249120307585e+01
1.589045016687591527e+01
9.002853035926818848e-01
6.250169277191162109e-01
1.645967270042338981e+01
1.132617467509295572e+01
9.002674818038940430e-01
6.250000000000000000e-01
1.645967267322072303e+01
1.400086080148677681e+01
4.002728164196014404e-01
8.749476075172424316e-01
1.645967177161964656e+01
1.462959931758568999e+01
4.002853333950042725e-01
8.749781847000122070e-01
1.645967263374738465e+01
9.496037782072034972e+00
9.971461445093154907e-02
-1.249410584568977356e-01
1.645967157801806025e+01
9.861077180516030438e+00
9.971472620964050293e-02
3.750097751617431641e-01
1.645967276767414944e+01
1.119581104047034614e+01
5.847877860069274902e-01
6.181257367134094238e-01
2.146182021175438237e+01
1.893805677124651865e+01
8.483623713254928589e-02
8.818762302398681641e-01
2.146181947638103082e+01
1.666890260807411295e+01
9.152106046676635742e-01
6.181252002716064453e-01
2.146182023466360533e+01
2.032692927710845510e+01
4.151995778083801270e-01
3.818995356559753418e-01
2.146182003953479978e+01
1.411405263092813911e+01
5.847999453544616699e-01
6.181270480155944824e-01
2.146182030333945079e+01
1.729250333316590726e+01
5.848007798194885254e-01
6.180886626243591309e-01
2.146181972821095485e+01
1.348146521010501431e+01
4.152002930641174316e-01
8.818625211715698242e-01
2.146182024136225053e+01
1.543795649381526758e+01
9.152005314826965332e-01
1.181396767497062683e-01
2.146182021636764148e+01
1.626719697285209065e+01
8.480048924684524536e-02
-1.181249767541885376e-01
2.146182030436137111e+01
1.550565910108413625e+01
8.480027318000793457e-02
-1.181056275963783264e-01
2.146182013818194179e+01
1.591517988794850424e+01
1.084780454635620117e+00
8.818606734275817871e-01
2.146181998716884110e+01
1.278781924715685747e+01
8.480028808116912842e-02
3.818747103214263916e-01
2.146182030452497003e+01
1.993429554686634830e+01
5.847998261451721191e-01
6.181303858757019043e-01
2.146182029365444066e+01
1.670474645061326058e+01
8.479970693588256836e-02
3.818662464618682861e-01
2.146182027419821026e+01
1.745460847219349176e+01
4.151845872402191162e-01
3.818910419940948486e-01
2.146182004399604182e+01
1.787559139293946231e+01
4.151905775070190430e-01
8.818349242210388184e-01
2.146181956353505171e+01
1.792613028170009670e+01
1.084798336029052734e+00
3.818722963333129883e-01
2.146182030064791846e+01
1.580919318741473489e+01
4.152002036571502686e-01
3.818668425083160400e-01
2.146182027835519079e+01
1.264134229250845998e+01
5.848051309585571289e-01
1.118121981620788574e+00
2.146182028317697643e+01
1.531693928868395460e+01
9.152012467384338379e-01
1.181756034493446350e-01
2.146181922129501274e+01
1.633230693081067386e+01
4.173112511634826660e-01
3.884811997413635254e-01
2.168905829339430369e+01
1.496181120971457901e+01
9.173066020011901855e-01
1.111498832702636719e+00
2.168905829998735157e+01
1.575506285041102039e+01
8.269229531288146973e-02
3.887311220169067383e-01
2.168903289619079544e+01
1.922572552658513700e+01
9.172902703285217285e-01
6.115066409111022949e-01
2.168905810781744137e+01
1.803366859933338873e+01
5.826932787895202637e-01
1.111441373825073242e+00
2.168905636941406812e+01
1.358537678799072168e+01
8.269602805376052856e-02
3.885160684585571289e-01
2.168905806942227343e+01
1.758802113608105699e+01
5.829895734786987305e-01
6.115404367446899414e-01
2.168900493875094426e+01
1.959192229212215608e+01
4.176318943500518799e-01
3.884943425655364990e-01
2.168899796453877116e+01
1.730721467997865304e+01
9.172987341880798340e-01
6.115060448646545410e-01
2.168905826403814530e+01
1.605923393969517576e+01
8.269001543521881104e-02
3.884919583797454834e-01
2.168905834449416759e+01
1.797112170691301714e+01
5.827392339706420898e-01
1.114988550543785095e-01
2.168905689317019991e+01
1.651436884938486216e+01
-8.268029987812042236e-02
6.115185022354125977e-01
2.168905825162637413e+01
1.662725498470247132e+01
5.826593637466430664e-01
1.115105077624320984e-01
2.168905781490329687e+01
1.734184881298102354e+01
5.826858282089233398e-01
1.115500852465629578e-01
2.168905755881517905e+01
1.600560313164856296e+01
4.173114299774169922e-01
3.884802758693695068e-01
2.168905828415112680e+01
1.735888966843601722e+01
9.173122644424438477e-01
6.115400195121765137e-01
2.168905789113486904e+01
1.337593555489608477e+01
5.826808214187622070e-01
1.115098521113395691e-01
2.168905829969288135e+01
1.596456215436182902e+01
8.268819004297256470e-02
8.884917497634887695e-01
2.168905834355030393e+01
1.810591595824387312e+01
9.173026680946350098e-01
1.115066409111022949e-01
2.168905830898922460e+01
1.426889429383088981e+01
5.826927423477172852e-01
1.111495971679687500e+00
2.168905827568095290e+01
1.687649967468870926e+01
5.862327218055725098e-01
6.154565811157226562e-01
2.082302433664236219e+01
1.452358785260005547e+01
5.862265229225158691e-01
1.154589429497718811e-01
2.082302443406797110e+01
1.617074039127939500e+01
5.862298011779785156e-01
6.154531240463256836e-01
2.082302437149558116e+01
1.666628272592177495e+01
4.137838184833526611e-01
3.845299184322357178e-01
2.082302445136450331e+01
1.883148186663662926e+01
1.086206555366516113e+00
8.845387101173400879e-01
2.082302443160386929e+01
1.497451655027146344e+01
4.137838184833526611e-01
8.845393657684326172e-01
2.082302449120967580e+01
1.364459772016703987e+01
4.137833118438720703e-01
8.845395445823669434e-01
2.082302449135331202e+01
1.609841132193236390e+01
4.138207733631134033e-01
3.845406472682952881e-01
2.082302366741252087e+01
1.378532115609890596e+01
9.137831330299377441e-01
1.154611930251121521e-01
2.082302449108656361e+01
2.059144525052756691e+01
4.137849509716033936e-01
8.845157027244567871e-01
2.082302424580947786e+01
1.112404928632703971e+01
9.137319922447204590e-01
1.115453481674194336e+00
2.082302294244251328e+01
1.473443005080150847e+01
4.137838780879974365e-01
3.845279812812805176e-01
2.082302443365274414e+01
1.441577177207335225e+01
5.862431526184082031e-01
6.154565215110778809e-01
2.082302407832695579e+01
1.581049577726935240e+01
5.862548351287841797e-01
6.154519319534301758e-01
2.082302362145118124e+01
1.532463469465500872e+01
9.137830734252929688e-01
1.154825910925865173e-01
2.082302427910467912e+01
1.835382035348592566e+01
4.137833118438720703e-01
8.845395445823669434e-01
2.082302449135331202e+01
1.550805707602203221e+01
9.137831926345825195e-01
1.115458488464355469e+00
2.082302448968036401e+01
1.203181483863829726e+01
-8.620978146791458130e-02
6.155256628990173340e-01
2.082302264591572083e+01
1.589575188468511691e+01
8.621679991483688354e-02
8.845395445823669434e-01
2.082302449134236255e+01
1.476040585829605867e+01
4.137854576110839844e-01
8.845393657684326172e-01
2.082302448872870571e+01
1.454867052442311248e+01
9.050061106681823730e-01
1.119510412216186523e+00
1.808533964254873894e+01
1.301115288792478708e+01
6.031599640846252441e-01
6.208416223526000977e-01
1.697633604148436604e+01
1.574716767736736678e+01
3.968402147293090820e-01
8.791335821151733398e-01
1.697633638943905154e+01
1.389765160409498179e+01
-9.495580941438674927e-02
1.195125356316566467e-01
1.808533897777570587e+01
1.310806995539871522e+01
9.049702286720275879e-01
1.195109859108924866e-01
1.808533904758599320e+01
1.645641124442487779e+01
3.968392610549926758e-01
3.790841102600097656e-01
1.697633602002139241e+01
1.173979666451841020e+01
9.499897807836532593e-02
3.804885745048522949e-01
1.808533963105797326e+01
1.616089425264295087e+01
9.499382227659225464e-02
-1.195106282830238342e-01
1.808533964278379358e+01
1.314394568403812613e+01
3.968402147293090820e-01
3.791445195674896240e-01
1.697633627983447369e+01
1.102280013663028058e+01
6.031599640846252441e-01
6.207994222640991211e-01
1.697633463090613049e+01
1.534441592121558706e+01
3.968866467475891113e-01
3.791219890117645264e-01
1.697633582273458330e+01
1.475084499061944676e+01
9.050065875053405762e-01
6.195448040962219238e-01
1.808533922270970251e+01
1.340073016836443109e+01
3.968399763107299805e-01
8.791096806526184082e-01
1.697633638792728661e+01
1.521681860374951256e+01
9.050000905990600586e-01
1.195506229996681213e-01
1.808533904133470926e+01
9.087461604066685794e+00
9.499444067478179932e-02
-1.194846928119659424e-01
1.808533935537706938e+01
8.982718852033325874e+00
9.499375522136688232e-02
8.804840445518493652e-01
1.808533963705515646e+01
9.608637640825918425e+00
9.049965143203735352e-01
1.195255517959594727e-01
1.808533952671406553e+01
1.091874729133825817e+01
9.050059914588928223e-01
6.194998621940612793e-01
1.808533958699554844e+01
1.267248280592541221e+01
6.031603813171386719e-01
1.209681108593940735e-01
1.697633409311962538e+01
1.320607055340330938e+01
9.499374032020568848e-02
8.804874420166015625e-01
1.808533964325566856e+01
1.593582061855238763e+01
9.146570563316345215e-01
6.180980205535888672e-01
2.080704764462119272e+01
1.568701928231145715e+01
5.924242138862609863e-01
6.247330307960510254e-01
1.988928347261510865e+01
1.326908099755196169e+01
9.146214723587036133e-01
6.181131005287170410e-01
2.080704699217227827e+01
1.745140701377333414e+01
9.146339893341064453e-01
1.118076682090759277e+00
2.080704686225612576e+01
1.544851504813727061e+01
4.075707793235778809e-01
3.752670586109161377e-01
1.988928348358749787e+01
1.834810032039810324e+01
4.075707793235778809e-01
3.752658367156982422e-01
1.988928348313758221e+01
1.455853238687742213e+01
8.534210175275802612e-02
3.818652927875518799e-01
2.080704757271109528e+01
1.692653834626216280e+01
9.146637320518493652e-01
1.181133463978767395e-01
2.080704772690246784e+01
1.986905563430455857e+01
9.146569371223449707e-01
1.118088722229003906e+00
2.080704748523404390e+01
1.404514403635119102e+01
5.924298167228698730e-01
6.247078776359558105e-01
1.988928328982552074e+01
1.848126840460800224e+01
4.075707793235778809e-01
-1.247328445315361023e-01
1.988928348358380305e+01
1.458791951558215061e+01
4.075707793235778809e-01
3.752669394016265869e-01
1.988928348358410503e+01
1.494143143940874729e+01
8.534361422061920166e-02
8.819382190704345703e-01
2.080704661780923459e+01
1.781113988015419025e+01
5.923868417739868164e-01
1.247338354587554932e-01
1.988928269534189042e+01
1.307610832103691934e+01
8.534935116767883301e-02
3.818952739238739014e-01
2.080704768912106317e+01
1.432165145366047909e+01
4.080683887004852295e-01
3.752682507038116455e-01
1.988917451039494111e+01
1.791587971150861236e+01
5.923486948013305664e-01
1.246402487158775330e-01
1.988927790634683035e+01
1.659803703322678103e+01
5.924291014671325684e-01
6.247160434722900391e-01
1.988928339543975099e+01
1.927331733360152555e+01
8.535575866699218750e-02
3.818867206573486328e-01
2.080704764895125436e+01
1.853339478005905505e+01
5.924289822578430176e-01
1.247454658150672913e-01
1.988928343536834475e+01
1.601581033582992220e+01
4.047246575355529785e-01
8.773384094238281250e-01
2.063176121516690387e+01
1.814227975340988763e+01
4.047321081161499023e-01
3.775191307067871094e-01
2.063177226711768242e+01
1.838287570752055089e+01
5.952658057212829590e-01
1.224850714206695557e-01
2.063177226309910139e+01
1.291149770576769917e+01
4.047335684299468994e-01
8.775191307067871094e-01
2.063177226881622417e+01
1.583712380952532683e+01
9.115208983421325684e-01
1.188231855630874634e-01
2.167056377519743648e+01
1.755399091338226114e+01
8.852764964103698730e-02
3.811162114143371582e-01
2.167056393722798191e+01
1.509769130092915290e+01
9.115208983421325684e-01
1.118808031082153320e+00
2.167056286397458109e+01
1.454744648046362165e+01
4.047327637672424316e-01
3.775191307067871094e-01
2.063177226812554821e+01
1.584052627386840761e+01
-8.845835179090499878e-02
1.188835278153419495e-01
2.167056511993581225e+01
1.580462831796079115e+01
4.047297835350036621e-01
8.775191903114318848e-01
2.063177226032324540e+01
1.792444069562432318e+01
9.115207195281982422e-01
6.188840270042419434e-01
2.167056538890160056e+01
1.641223707603956328e+01
8.847920596599578857e-02
3.811161816120147705e-01
2.167056538896539308e+01
1.664899859192805209e+01
5.952333807945251465e-01
6.224815845489501953e-01
2.063177177700315923e+01
1.679037097687954727e+01
-8.843909949064254761e-02
6.188792586326599121e-01
2.167056438567498233e+01
1.136823213517340392e+01
9.115208983421325684e-01
6.188856959342956543e-01
2.167056538703021218e+01
2.015332746368456895e+01
5.952664613723754883e-01
1.224808841943740845e-01
2.063177226880161541e+01
1.850841609120131181e+01
5.952743291854858398e-01
6.225350499153137207e-01
2.063177124466856682e+01
1.593475043793348966e+01
4.047342240810394287e-01
8.775832056999206543e-01
2.063177088407407211e+01
1.870009526962320123e+01
8.847925812005996704e-02
8.810735344886779785e-01
2.167056457630089739e+01
1.495071995856946145e+01
5.952664613723754883e-01
6.224272847175598145e-01
2.063177130034994633e+01
1.765424972212166210e+01
9.134885668754577637e-01
1.118164420127868652e+00
2.086061774115645662e+01
1.586476565407953743e+01
9.134878516197204590e-01
6.182060837745666504e-01
2.086061846243469020e+01
1.762574051521162133e+01
9.134721159934997559e-01
1.181658804416656494e-01
2.086061763069612240e+01
1.614795898403533059e+01
4.104026556015014648e-01
3.796090185642242432e-01
1.991029556806770628e+01
1.568066637566583488e+01
4.104026556015014648e-01
3.796743750572204590e-01
1.991029636915748569e+01
1.723344011420262589e+01
9.134897589683532715e-01
6.182778477668762207e-01
2.086061629240641935e+01
1.411054962142019598e+01
9.134885072708129883e-01
1.181415542960166931e-01
2.086061672582182069e+01
1.726744199371873023e+01
4.104261398315429688e-01
8.796604275703430176e-01
1.991029618461684692e+01
1.912783962766581425e+01
8.651015907526016235e-02
8.817465901374816895e-01
2.086061751681897647e+01
1.637220986872453921e+01
9.134885072708129883e-01
1.118197798728942871e+00
2.086061843559911466e+01
1.275547276306341615e+01
8.653504401445388794e-02
3.817370533943176270e-01
2.086061674944340183e+01
1.339471072151284581e+01
8.651088178157806396e-02
8.817945718765258789e-01
2.086061846328467340e+01
1.815892819370812816e+01
5.895498394966125488e-01
6.203392744064331055e-01
1.991029540528228736e+01
1.562884160200808559e+01
4.101230204105377197e-01
3.796597719192504883e-01
1.991026046526805260e+01
1.671487326569222631e+01
5.895978212356567383e-01
1.202815622091293335e-01
1.991029532818150471e+01
1.760372614589183016e+01
4.104036688804626465e-01
8.796604275703430176e-01
1.991029643307832941e+01
1.964878103612487337e+01
4.104025363922119141e-01
-1.203055679798126221e-01
1.991029605319996776e+01
1.593944411317436050e+01
5.895782113075256348e-01
1.203399673104286194e-01
1.991029626900564864e+01
1.744555653760086145e+01
9.134887456893920898e-01
6.181989312171936035e-01
2.086061844288495593e+01
1.540171847354588763e+01
5.895740389823913574e-01
6.203407049179077148e-01
1.991029618826355474e+01
1.241390116889238548e+01
4.134533405303955078e-01
3.806731998920440674e-01
1.938417905367808913e+01
1.623109591079608904e+01
5.865457057952880859e-01
6.193609237670898438e-01
1.938417875058612339e+01
1.519341479733991918e+01
9.115586280822753906e-01
6.204796433448791504e-01
2.047528570494609568e+01
1.616523989825218521e+01
5.865497589111328125e-01
1.193302795290946960e-01
1.938417905278475217e+01
1.756251358378039740e+01
5.865380764007568359e-01
6.193308234214782715e-01
1.938417902450671804e+01
1.126732576122284613e+01
4.134503006935119629e-01
3.806641101837158203e-01
1.938417904279226534e+01
1.643544148350031264e+01
8.840705454349517822e-02
3.795109987258911133e-01
2.047528633159275557e+01
1.126835793031260735e+01
8.840726315975189209e-02
8.795188665390014648e-01
2.047528639277098250e+01
1.471196276054068974e+01
8.840709924697875977e-02
8.795120120048522949e-01
2.047528634236785905e+01
1.386081259912595165e+01
8.840741217136383057e-02
3.795264959335327148e-01
2.047528640284310342e+01
1.630683742358485233e+01
8.840738981962203979e-02
8.795278072357177734e-01
2.047528639969436881e+01
1.645087355301596688e+01
4.134545624256134033e-01
3.806701898574829102e-01
1.938417905736546132e+01
1.901158157610500865e+01
9.115927815437316895e-01
6.204835772514343262e-01
2.047528637929191575e+01
1.467701928548724410e+01
8.838646113872528076e-02
8.795595765113830566e-01
2.047528561724095653e+01
1.674205444045892932e+01
9.115928411483764648e-01
6.204851865768432617e-01
2.047528636769666122e+01
1.659709482193361296e+01
8.841513097286224365e-02
8.795243501663208008e-01
2.047528636853103023e+01
1.751676610019977076e+01
4.134933054447174072e-01
3.806685209274291992e-01
1.938417830438435630e+01
1.251234403513928939e+01
4.134538471698760986e-01
3.806558251380920410e-01
1.938417899542866962e+01
1.201004342086550025e+01
8.769832551479339600e-02
3.795132637023925781e-01
2.047498540413571888e+01
1.592296422727089578e+01
9.115661978721618652e-01
6.204751729965209961e-01
2.047528598639478759e+01
1.946625824344616973e+01
9.064779877662658691e-01
1.182423382997512817e-01
1.787819039302445390e+01
1.564894427580288294e+01
9.065721631050109863e-01
6.183307170867919922e-01
1.787819691791176524e+01
1.629329754311851275e+01
9.342921525239944458e-02
8.816692829132080078e-01
1.787819691929779964e+01
1.447989020724964249e+01
9.342973679304122925e-02
3.816692531108856201e-01
1.787819691940352840e+01
1.470749599254558504e+01
5.921336412429809570e-01
1.216730028390884399e-01
1.701025091016077084e+01
1.159001495944117721e+01
4.078699648380279541e-01
8.783342838287353516e-01
1.701025093225382889e+01
1.079915269266633615e+01
9.342973679304122925e-02
3.816598057746887207e-01
1.787819688549237895e+01
1.556133748650614557e+01
9.065703153610229492e-01
1.183372139930725098e-01
1.787819690346154999e+01
1.182735221113080826e+01
1.093429327011108398e+00
8.816693425178527832e-01
1.787819691933866295e+01
1.124987317660819564e+01
4.078665077686309814e-01
3.783145546913146973e-01
1.701025079264905671e+01
1.553059215928068326e+01
4.078728854656219482e-01
3.783371150493621826e-01
1.701025092332352884e+01
1.345764971753118289e+01
4.078667759895324707e-01
3.783096075057983398e-01
1.701025072101642621e+01
1.635804023120954298e+01
5.921174883842468262e-01
6.216866970062255859e-01
1.701025068248224414e+01
9.974726060186887011e+00
5.921329855918884277e-01
6.217027306556701660e-01
1.701025048072791179e+01
1.119318504137031312e+01
4.075684547424316406e-01
8.783378005027770996e-01
1.701021891780683148e+01
1.384560930889521124e+01
9.065640568733215332e-01
6.183229088783264160e-01
1.787819688014959496e+01
1.498634011671858524e+01
1.093419551849365234e+00
3.816692531108856201e-01
1.787819687578067018e+01
1.008188011605359513e+01
4.078667759895324707e-01
8.783370852470397949e-01
1.701025093956177869e+01
1.359084006446191850e+01
9.342963248491287231e-02
8.816313743591308594e-01
1.787819637714267174e+01
1.540790772237340711e+01
9.342960268259048462e-02
8.816252946853637695e-01
1.787819618928171650e+01
1.293181886866212693e+01
4.186764359474182129e-01
3.815357685089111328e-01
2.270030381538449404e+01
2.008672014774726122e+01
8.051382750272750854e-02
3.814650177955627441e-01
2.377988893246979885e+01
1.631199888910750673e+01
4.185860157012939453e-01
3.815369307994842529e-01
2.270030497040410467e+01
1.934242812205260620e+01
9.195007085800170898e-01
6.185004115104675293e-01
2.377988842904538558e+01
1.944112474081469344e+01
5.813818573951721191e-01
6.184327006340026855e-01
2.270030533225738978e+01
1.692599521666370421e+01
5.813791751861572266e-01
6.184979677200317383e-01
2.270030524739690136e+01
1.609920677251543708e+01
8.051413297653198242e-02
8.814713954925537109e-01
2.377988895114308576e+01
1.759179147739754256e+01
9.194861054420471191e-01
1.185297891497612000e-01
2.377988895050560814e+01
1.998508408373205114e+01
5.813651084899902344e-01
6.184638738632202148e-01
2.270030555384169091e+01
2.136486278786192727e+01
9.194860458374023438e-01
1.185250356793403625e-01
2.377988894556061439e+01
1.880217688183165592e+01
5.813791751861572266e-01
6.185035109519958496e-01
2.270030509815634900e+01
1.964360018097536908e+01
5.813791751861572266e-01
1.185087189078330994e-01
2.270030493771345093e+01
1.541847194095687001e+01
4.186255335807800293e-01
8.815367221832275391e-01
2.270030566205240063e+01
1.817061537609419730e+01
4.186163842678070068e-01
8.815366029739379883e-01
2.270030566716081566e+01
2.083813009984294595e+01
4.186346232891082764e-01
3.815366029739379883e-01
2.270030555839877806e+01
1.655409410885395616e+01
5.813917517662048340e-01
6.184632182121276855e-01
2.270030558804240073e+01
1.927321034759614804e+01
8.051383495330810547e-02
8.814679384231567383e-01
2.377988894562455613e+01
1.900795495586901040e+01
8.051383495330810547e-02
3.814677298069000244e-01
2.377988894494165351e+01
1.886444743625662568e+01
4.186203777790069580e-01
3.815228343009948730e-01
2.270030560946698728e+01
2.132802289296703435e+01
8.051390200853347778e-02
8.814747929573059082e-01
2.377988894609764259e+01
1.913438781005516276e+01
4.269945621490478516e-01
3.888436555862426758e-01
2.419631782160674049e+01
2.065538118063327389e+01
7.656801491975784302e-02
3.867480158805847168e-01
2.522892067478269240e+01
2.452148086855051901e+01
5.730115771293640137e-01
1.111479103565216064e-01
2.419631810753454459e+01
1.894239546394724982e+01
4.269604980945587158e-01
-1.111006885766983032e-01
2.419631786365496140e+01
1.567058895537768137e+01
4.269610345363616943e-01
3.888591229915618896e-01
2.419631853817755029e+01
1.935158161731811077e+01
9.234263300895690918e-01
6.132508516311645508e-01
2.522892065730657407e+01
1.955601454707203501e+01
4.269594252109527588e-01
8.888601660728454590e-01
2.419631852980457865e+01
1.553491980419175178e+01
7.656873017549514771e-02
8.867441415786743164e-01
2.522892066723840543e+01
1.921345185889211749e+01
5.730388164520263672e-01
6.111166477203369141e-01
2.419631828694722131e+01
1.662979108779959603e+01
4.269643723964691162e-01
3.888470828533172607e-01
2.419631849493008247e+01
1.937574912994064746e+01
7.656805217266082764e-02
3.867345452308654785e-01
2.522892058445010477e+01
2.461880780951612735e+01
4.269546866416931152e-01
3.888426721096038818e-01
2.419631838259043022e+01
1.943208114716291846e+01
9.234302639961242676e-01
6.132516264915466309e-01
2.522892067490656132e+01
1.908733210012479375e+01
7.655592262744903564e-02
3.867361247539520264e-01
2.522892047890942635e+01
2.010548671092317008e+01
1.076564550399780273e+00
3.867479264736175537e-01
2.522892066030752289e+01
1.421271440775719697e+01
5.730320215225219727e-01
6.111686229705810547e-01
2.419631825318503004e+01
1.459385934740412338e+01
9.234317541122436523e-01
6.132516264915466309e-01
2.522892067507763159e+01
2.490833835252502482e+01
7.656900584697723389e-02
3.867484629154205322e-01
2.522892067541927119e+01
1.411714490331564420e+01
7.656740397214889526e-02
8.867147564888000488e-01
2.522892013312339543e+01
1.757302167797950432e+01
5.730372667312622070e-01
1.111418381333351135e-01
2.419631854242122060e+01
2.056363258683424178e+01
