3.101770579814910889e-01
3.775551617145538330e-01
1.863246884097193146e+01
1.852380870017683279e+01
9.168953299522399902e-01
6.164371967315673828e-01
2.256339189519510313e+01
1.501577495152534070e+01
4.782347977161407471e-01
9.478799253702163696e-02
1.753705087580998168e+01
1.632988501041312546e+01
8.310274779796600342e-02
8.835046291351318359e-01
2.256339035188651820e+01
1.512153035613040331e+01
8.310516923666000366e-02
3.835880458354949951e-01
2.256339162190533898e+01
1.284528207982752335e+01
5.217778682708740234e-01
4.053460061550140381e-01
1.753705146749673816e+01
1.751213569840097861e+01
8.310465514659881592e-02
8.835635781288146973e-01
2.256339189529509781e+01
1.823993851188490822e+01
9.168931245803833008e-01
6.164364218711853027e-01
2.256339189199286466e+01
1.655979098151462026e+01
9.168954491615295410e-01
1.164373010396957397e-01
2.256339189513696653e+01
1.223412590851080317e+01
3.102279305458068848e-01
-1.224090754985809326e-01
1.863246818940549687e+01
1.738057900752779261e+01
1.083073019981384277e+00
3.835621774196624756e-01
2.256339122964883970e+01
1.318548003779851641e+01
8.315785229206085205e-02
-1.164322122931480408e-01
2.256339000736167577e+01
1.650786125403476134e+01
1.083094477653503418e+00
3.835630118846893311e-01
2.256339182653594833e+01
1.262198537175845559e+01
6.898611187934875488e-01
6.225270032882690430e-01
1.863246838830473706e+01
1.668390998882519227e+01
6.897755265235900879e-01
6.224398612976074219e-01
1.863246834445320843e+01
1.751289840940044229e+01
8.313066512346267700e-02
8.835653662681579590e-01
2.256339144393391294e+01
1.652265052586960081e+01
9.168944358825683594e-01
1.116407990455627441e+00
2.256339152704573436e+01
1.703660601202976821e+01
8.310449868440628052e-02
8.835579752922058105e-01
2.256339188246516159e+01
1.337097498207976543e+01
3.102361559867858887e-01
3.775597214698791504e-01
1.863246815592763639e+01
1.791504564750772843e+01
3.100878000259399414e-01
8.775894045829772949e-01
1.863246840893250678e+01
1.823718883173478389e+01
1.015878841280937195e-01
8.801326155662536621e-01
1.640344950172336880e+01
1.249067179583618348e+01
1.015572026371955872e-01
3.801317811012268066e-01
1.640344986833278895e+01
9.108272281670863890e+00
8.984173536300659180e-01
1.198671385645866394e-01
1.640344961565165960e+01
1.317854132566847980e+01
1.015571057796478271e-01
8.801317811012268066e-01
1.640344986833957819e+01
1.012069892531862259e+01
1.015590280294418335e-01
8.801317811012268066e-01
1.640344986684970152e+01
1.208228988871733556e+01
1.015600636601448059e-01
8.801317811012268066e-01
1.640344986486395840e+01
1.204786671727226910e+01
1.016226559877395630e-01
3.801339864730834961e-01
1.640344820808911308e+01
1.204164756793406355e+01
1.015781536698341370e-01
3.801290094852447510e-01
1.640344969270471864e+01
1.619161913270416164e+01
1.015579476952552795e-01
3.801524341106414795e-01
1.640344970889349696e+01
1.071757704996076654e+01
-1.015418022871017456e-01
6.198687553405761719e-01
1.640344977846175212e+01
1.052204726180080385e+01
8.984196186065673828e-01
1.198977306485176086e-01
1.640344932265974265e+01
1.474146239920051471e+01
8.984222412109375000e-01
6.198670268058776855e-01
1.640344970283801018e+01
1.508420407904578298e+01
1.015572771430015564e-01
3.801390826702117920e-01
1.640344984819270024e+01
1.073253188847659523e+01
1.016229093074798584e-01
3.801343739032745361e-01
1.640344819503485141e+01
1.212432727761014384e+01
1.015571057796478271e-01
8.801323771476745605e-01
1.640344986817965633e+01
1.212511618004758240e+01
1.015804409980773926e-01
8.801324963569641113e-01
1.640344965739462779e+01
1.521998925709953809e+01
8.984350562095642090e-01
6.198679804801940918e-01
1.640344984436163855e+01
1.200096700041709319e+01
8.984113335609436035e-01
6.198673248291015625e-01
1.640344948287497218e+01
1.292060746240975888e+01
1.101541757583618164e+00
8.801312446594238281e-01
1.640344977793441572e+01
8.694379023547785579e+00
1.016053706407546997e-01
8.801336884498596191e-01
1.640344896762385218e+01
1.199443678193128804e+01
9.095507264137268066e-01
1.174274384975433350e-01
1.898400948730838067e+01
1.372914234678235879e+01
5.418300628662109375e-01
8.703081011772155762e-01
1.476022024241956743e+01
1.440569833393277399e+01
5.418215990066528320e-01
8.702418804168701172e-01
1.476022016439672946e+01
1.456662182952905660e+01
9.046518057584762573e-02
3.826180994510650635e-01
1.898401018441540344e+01
1.462820880073638286e+01
4.581838846206665039e-01
1.295757740736007690e-01
1.476022003145093819e+01
1.451587437911526735e+01
9.101064801216125488e-01
1.173804327845573425e-01
1.898387167504971274e+01
1.512792097168096284e+01
5.418157577514648438e-01
3.704704344272613525e-01
1.476021979377641280e+01
1.443632893801705563e+01
9.095585942268371582e-01
6.173820495605468750e-01
1.898401026226508037e+01
1.737191687279182872e+01
5.421296954154968262e-01
8.698182106018066406e-01
1.476019726886477379e+01
1.464427707734008166e+01
9.045471996068954468e-02
3.826180100440979004e-01
1.898401028088862930e+01
1.480387110539854234e+01
9.095500707626342773e-01
6.173650026321411133e-01
1.898401017822805414e+01
1.490044405512607106e+01
9.095221161842346191e-01
6.173818707466125488e-01
1.898400993583489793e+01
1.548815415586738276e+01
9.045357257127761841e-02
3.826662302017211914e-01
1.898400937279366829e+01
1.357932144579135070e+01
9.044963866472244263e-02
8.826178908348083496e-01
1.898401029247331095e+01
1.496879731782149392e+01
9.095454812049865723e-01
1.173820942640304565e-01
1.898401028178632899e+01
1.457563903495562663e+01
9.045051038265228271e-02
8.825988173484802246e-01
1.898401014925950037e+01
1.347321525395097908e+01
5.418455004692077637e-01
8.703056573867797852e-01
1.476022012848553011e+01
1.403549561734688567e+01
9.046050906181335449e-02
3.826180100440979004e-01
1.898401023958027167e+01
1.420821083017038866e+01
9.095275998115539551e-01
6.173819303512573242e-01
1.898401006082151810e+01
1.513140560291064851e+01
9.044948965311050415e-02
8.826036453247070312e-01
1.898401021276865208e+01
1.395188019174980454e+01
1.082821726799011230e+00
8.836618661880493164e-01
2.253891121743958692e+01
1.486973933462056152e+01
8.282381296157836914e-02
3.836317658424377441e-01
2.253891082891409781e+01
1.549260352712945021e+01
6.439175605773925781e-01
1.370745450258255005e-01
1.867365543467109745e+01
1.774263475747886432e+01
9.171751737594604492e-01
6.163377165794372559e-01
2.253891122355094367e+01
2.052561868322609229e+01
9.171751737594604492e-01
1.163374930620193481e-01
2.253891122337628516e+01
2.000895564822658557e+01
9.171751737594604492e-01
1.163377687335014343e-01
2.253891122358528065e+01
1.811134058066027563e+01
8.282384276390075684e-02
8.836614489555358887e-01
2.253891122319765117e+01
1.773812814783555325e+01
6.439096927642822266e-01
6.368625164031982422e-01
1.867365600200700371e+01
1.695903433248712844e+01
6.439017653465270996e-01
6.368539929389953613e-01
1.867365586251561282e+01
1.702638543097419799e+01
-8.282005786895751953e-02
1.163386702537536621e-01
2.253891120886941479e+01
1.368948408609095679e+01
9.171752333641052246e-01
6.162981986999511719e-01
2.253891049950467718e+01
1.980317137061134858e+01
8.282507956027984619e-02
8.836614489555358887e-01
2.253891122375848255e+01
1.945153038999016104e+01
-8.281720429658889771e-02
1.163464635610580444e-01
2.253891115884531615e+01
1.214715000101551112e+01
9.171342849731445312e-01
6.161826848983764648e-01
2.253889946942315703e+01
1.862153674950256033e+01
9.171751737594604492e-01
1.163423880934715271e-01
2.253891121699479783e+01
1.936410366854485332e+01
8.282481878995895386e-02
8.836617469787597656e-01
2.253891122378830403e+01
2.165381278095682660e+01
3.562465012073516846e-01
8.632886409759521484e-01
1.867364889342065837e+01
1.742082632381411500e+01
9.171761274337768555e-01
1.161507517099380493e-01
2.253889548791510222e+01
1.972167041193224080e+01
8.282346278429031372e-02
8.836349844932556152e-01
2.253891090941839437e+01
1.801805181532007083e+01
8.283492177724838257e-02
-1.163378506898880005e-01
2.253891115588920613e+01
1.719513489703412645e+01
6.122103929519653320e-01
1.436062306165695190e-01
1.643783460027581356e+01
1.515731878823006262e+01
6.122048497200012207e-01
1.436100006103515625e-01
1.643783456959572931e+01
1.513652711654995997e+01
6.122522354125976562e-01
6.435324549674987793e-01
1.643783443485515150e+01
1.479460803280988124e+01
3.877631723880767822e-01
3.563773632049560547e-01
1.643783463882355989e+01
1.507856245504398274e+01
8.895021677017211914e-02
8.837566375732421875e-01
2.024895595579892671e+01
1.926141048119775334e+01
6.122443079948425293e-01
1.435878574848175049e-01
1.643783467259151365e+01
1.620410653978506943e+01
9.110405445098876953e-01
6.162480115890502930e-01
2.024895590003050216e+01
1.504941882842141965e+01
-8.890698850154876709e-02
6.162396073341369629e-01
2.024895497580508419e+01
1.378697334284426290e+01
3.877662420272827148e-01
8.563750386238098145e-01
1.643783463039705950e+01
1.634506729862232177e+01
9.110063910484313965e-01
6.162419319152832031e-01
2.024895496443531329e+01
1.458256092049060904e+01
6.122344732284545898e-01
6.436395645141601562e-01
1.643783457138854587e+01
1.515894592752143488e+01
1.088948845863342285e+00
3.837419450283050537e-01
2.024895586428264238e+01
1.545370370353596634e+01
8.895002305507659912e-02
3.837546408176422119e-01
2.024895595412069937e+01
1.549518097602114430e+01
3.877510130405426025e-01
8.564291596412658691e-01
1.643783463698130376e+01
1.552749839953707855e+01
9.110494256019592285e-01
6.162433624267578125e-01
2.024895595567978290e+01
1.631012978099314381e+01
6.122325062751770020e-01
6.436461806297302246e-01
1.643783453568587305e+01
1.548788921785725670e+01
9.110498428344726562e-01
6.162356138229370117e-01
2.024895593055938647e+01
1.713642934657947592e+01
6.122105121612548828e-01
6.436034440994262695e-01
1.643783460140673469e+01
1.559206817321060967e+01
6.122459769248962402e-01
1.435744613409042358e-01
1.643783464796887017e+01
1.618934941199882616e+01
9.110495448112487793e-01
6.162703037261962891e-01
2.024895564972943518e+01
1.509756455041456391e+01
9.147958755493164062e-01
1.198784261941909790e-01
2.085680624126403515e+01
1.263646896342291370e+01
9.147954583168029785e-01
1.198072135448455811e-01
2.085680832487209102e+01
1.575477916624306296e+01
8.520679175853729248e-02
3.801571726799011230e-01
2.085680779943109897e+01
1.940752560518653524e+01
8.520457893610000610e-02
-1.198071464896202087e-01
2.085680832487034664e+01
1.491256425043662759e+01
9.147815704345703125e-01
1.197894290089607239e-01
2.085680808039796830e+01
1.771976492614406951e+01
9.147880673408508301e-01
1.198070570826530457e-01
2.085680829166660644e+01
1.700972723880619242e+01
8.520410954952239990e-02
3.801825344562530518e-01
2.085680828121451214e+01
1.617618886069052664e+01
8.520448952913284302e-02
-1.198070645332336426e-01
2.085680832487120995e+01
1.518058644078345587e+01
8.520436286926269531e-02
8.801711201667785645e-01
2.085680813130850808e+01
1.530394073280589495e+01
8.520679920911788940e-02
8.801928758621215820e-01
2.085680832168449683e+01
1.708062706713953105e+01
8.520457893610000610e-02
3.801928460597991943e-01
2.085680832487039282e+01
1.813875085985733193e+01
8.521956950426101685e-02
3.801929056644439697e-01
2.085680818850122975e+01
1.601014207581275173e+01
8.522057533264160156e-02
3.801949024200439453e-01
2.085680816808772065e+01
1.906741506736170066e+01
9.147933125495910645e-01
6.198071241378784180e-01
2.085680832198623946e+01
1.650816460440444544e+01
9.147949218750000000e-01
1.119807124137878418e+00
2.085680832466928436e+01
1.592631107312350203e+01
8.520435541868209839e-02
3.801928162574768066e-01
2.085680832486306713e+01
1.962343085072989979e+01
8.520914614200592041e-02
3.801928758621215820e-01
2.085680831188553697e+01
1.504878528736569088e+01
9.147907495498657227e-01
6.198071241378784180e-01
2.085680831129661783e+01
1.701178543084029471e+01
8.523017913103103638e-02
8.801493644714355469e-01
2.085680714908623656e+01
1.625611499702256424e+01
9.147948622703552246e-01
6.198071241378784180e-01
2.085680832462534440e+01
1.577856536905128770e+01
8.044951409101486206e-02
3.851924538612365723e-01
2.428172988538255339e+01
1.909135781072305704e+01
9.195662736892700195e-01
6.148086786270141602e-01
2.428173001813540566e+01
2.276569891918104815e+01
5.612373948097229004e-01
6.050572991371154785e-01
2.000924205435034153e+01
1.954735395131706355e+01
8.036518096923828125e-02
3.851912915706634521e-01
2.428172626515316068e+01
2.076260721927629405e+01
5.612770915031433105e-01
6.050453782081604004e-01
2.000924219663207282e+01
1.926172418468721759e+01
8.043646067380905151e-02
3.852062225341796875e-01
2.428172991061854447e+01
1.510642648605174543e+01
9.196097850799560547e-01
1.149646192789077759e-01
2.428171716059242158e+01
1.986806625208848942e+01
5.609816312789916992e-01
6.048454642295837402e-01
2.000921658860854535e+01
1.920076105702964497e+01
1.080393433570861816e+00
3.851979374885559082e-01
2.428172863009493554e+01
1.838552439821392426e+01
-8.043597638607025146e-02
6.148095726966857910e-01
2.428173002201839736e+01
1.889012278103749054e+01
8.043600618839263916e-02
8.851911425590515137e-01
2.428173002212543707e+01
1.962116580762846141e+01
8.043318241834640503e-02
8.851921558380126953e-01
2.428173001531786923e+01
2.404973316888331425e+01
9.195639491081237793e-01
1.148055344820022583e-01
2.428173001621098237e+01
1.817322392326344982e+01
5.612259507179260254e-01
1.050594151020050049e-01
2.000924188070553100e+01
1.974859382648876505e+01
8.043596893548965454e-02
3.851979672908782959e-01
2.428172999853100222e+01
1.781506832769560233e+01
1.080409646034240723e+00
3.851882815361022949e-01
2.428172950118049656e+01
1.863973134440045598e+01
8.044055104255676270e-02
3.851912617683410645e-01
2.428173000672503079e+01
1.884689363247015592e+01
8.046072721481323242e-02
8.852397799491882324e-01
2.428172847150528568e+01
2.086722107580363073e+01
1.080406188964843750e+00
3.851891756057739258e-01
2.428172935698688306e+01
1.301276210665797350e+01
9.195643663406372070e-01
6.148211956024169922e-01
2.428172995179303584e+01
1.585539493978573589e+01
4.037944376468658447e-01
8.630623221397399902e-01
1.657997409667903099e+01
1.477039352373697412e+01
1.089952230453491211e+00
8.810667395591735840e-01
2.046472158909228156e+01
1.060919960391961325e+01
8.995939046144485474e-02
8.810784220695495605e-01
2.046472167664932229e+01
1.578937477381901289e+01
8.996096253395080566e-02
3.810781538486480713e-01
2.046472167548595067e+01
1.724155907207552119e+01
5.962076187133789062e-01
1.370922774076461792e-01
1.657997427115250844e+01
1.549837562889910281e+01
8.996380865573883057e-02
-1.189158633351325989e-01
2.046472165335909921e+01
1.540163980457947090e+01
4.038374423980712891e-01
8.629523515701293945e-01
1.657997430912073256e+01
1.492437007973402530e+01
4.037927091121673584e-01
8.628863692283630371e-01
1.657997401683677552e+01
1.479113270799199142e+01
9.100396633148193359e-01
1.189214810729026794e-01
2.046472167631723948e+01
1.599669676549790509e+01
5.962488055229187012e-01
1.370236873626708984e-01
1.657997438176056804e+01
1.630779076924233095e+01
8.996014297008514404e-02
-1.189214289188385010e-01
2.046472167646600582e+01
1.409050400661934965e+01
4.038700163364410400e-01
8.629785180091857910e-01
1.657997380481197425e+01
1.537854001894058520e+01
9.100402593612670898e-01
6.189214587211608887e-01
2.046472167664450836e+01
1.385732172247561067e+01
9.100015759468078613e-01
6.189442873001098633e-01
2.046472059838049162e+01
1.529517735860013872e+01
9.100334048271179199e-01
6.189211010932922363e-01
2.046472164882894873e+01
1.658613575655294170e+01
9.100433588027954102e-01
1.189218237996101379e-01
2.046472167190359670e+01
1.723130875767546044e+01
4.037941694259643555e-01
3.630704581737518311e-01
1.657997398941000000e+01
1.543007928690051145e+01
9.099975228309631348e-01
1.118920445442199707e+00
2.046472064515719325e+01
1.495030421345006921e+01
5.961580276489257812e-01
1.370212435722351074e-01
1.657997429861061889e+01
1.552133724696553507e+01
9.100391268730163574e-01
6.188400983810424805e-01
2.046471886538980556e+01
1.384457490445140948e+01
7.909831404685974121e-02
-1.086459234356880188e-01
2.315547980183448473e+01
1.795503963546496706e+01
6.452127099037170410e-01
1.930178850889205933e-01
1.920404727857655658e+01
1.844508087824106823e+01
6.452715396881103516e-01
6.927921772003173828e-01
1.920404693297876619e+01
1.865567378497767237e+01
9.209074378013610840e-01
1.086953133344650269e-01
2.315547867245703628e+01
2.126917557832559780e+01
-7.909601926803588867e-02
1.086460873484611511e-01
2.315547979908054543e+01
1.810054192301132758e+01
4.341979622840881348e-01
1.158318281173706055e+00
1.921059154859494811e+01
1.842721070709590592e+01
3.547934889793395996e-01
8.071180582046508789e-01
1.920404731931234821e+01
1.916470543876352650e+01
6.452069878578186035e-01
1.930274516344070435e-01
1.920404721333650500e+01
1.882955598117426987e+01
7.909829169511795044e-02
3.913560509681701660e-01
2.315547979999667660e+01
1.654575439423697603e+01
7.910089939832687378e-02
-1.086455732583999634e-01
2.315547979737078421e+01
1.840655872730854625e+01
3.547517359256744385e-01
3.071673214435577393e-01
1.920404725361858311e+01
1.887843026065900887e+01
4.341582655906677246e-01
1.585347503423690796e-01
1.921059137842372522e+01
1.864289126096926807e+01
-7.909816503524780273e-02
6.086459755897521973e-01
2.315547980184680199e+01
1.629246038428304288e+01
7.909809798002243042e-02
8.913530707359313965e-01
2.315547980140739526e+01
2.029590741435812618e+01
5.657712817192077637e-01
3.416284024715423584e-01
1.921059163448179419e+01
1.829378777955249191e+01
9.208953380584716797e-01
6.086452603340148926e-01
2.315547977660338574e+01
1.556917722956939443e+01
6.452341079711914062e-01
1.929919719696044922e-01
1.920404739578089348e+01
1.861140957396952800e+01
6.452090740203857422e-01
1.930330544710159302e-01
1.920404718825813717e+01
1.865594989756609579e+01
4.341476559638977051e-01
1.585882157087326050e-01
1.921059086074455280e+01
1.856224208325122405e+01
7.910000532865524292e-02
8.913543820381164551e-01
2.315547979980927096e+01
1.922794949395341746e+01
5.581936836242675781e-01
8.767297863960266113e-01
1.607450736584124229e+01
1.547498536331216812e+01
4.417520761489868164e-01
6.233952641487121582e-01
1.607450589747616476e+01
1.548985210236867616e+01
9.113342761993408203e-01
6.196957826614379883e-01
2.034048344201079672e+01
1.535507146102925979e+01
4.418036937713623047e-01
1.123185992240905762e+00
1.607450711587402026e+01
1.527932195403480620e+01
9.113548398017883301e-01
6.197525262832641602e-01
2.034048254622654284e+01
1.657870474963388929e+01
8.863616734743118286e-02
3.803041577339172363e-01
2.034048390477297730e+01
1.550851802371629340e+01
5.581806898117065430e-01
8.765729665756225586e-01
1.607450606341589960e+01
1.574361360539166199e+01
8.863987028598785400e-02
3.803041577339172363e-01
2.034048389834574522e+01
1.679150745078843698e+01
4.418053925037384033e-01
1.233102977275848389e-01
1.607450725395066726e+01
1.526312539580981031e+01
9.113204479217529297e-01
1.119695782661437988e+00
2.034048290252175306e+01
1.539299232346644963e+01
9.113356471061706543e-01
1.119695782661437988e+00
2.034048348427857889e+01
1.344561355638572486e+01
4.418005943298339844e-01
1.232585310935974121e-01
1.607450736556819848e+01
1.505516715889616464e+01
8.864314109086990356e-02
3.803038895130157471e-01
2.034048388034780430e+01
1.241317587096657604e+01
5.581957697868347168e-01
8.767891526222229004e-01
1.607450725792567070e+01
1.595973347126771280e+01
8.866857737302780151e-02
3.803044855594635010e-01
2.034048334750903919e+01
1.492525923126073195e+01
8.864580094814300537e-02
8.803042173385620117e-01
2.034048385728467778e+01
1.592909542799157840e+01
4.418047070503234863e-01
1.232841685414314270e-01
1.607450734350137012e+01
1.531008281457676290e+01
8.864865452051162720e-02
-1.196957901120185852e-01
2.034048382403003785e+01
1.450710353147598752e+01
9.113636016845703125e-01
1.197332665324211121e-01
2.034048333039144296e+01
1.399407902886489552e+01
5.582125782966613770e-01
3.765580356121063232e-01
1.607450574327007331e+01
1.543381631147892996e+01
4.333325028419494629e-01
6.339564919471740723e-01
1.638274600670629155e+01
1.527678892419823065e+01
8.863972127437591553e-02
3.820340633392333984e-01
1.958459553354012428e+01
1.602251472014859601e+01
4.333467483520507812e-01
1.340093165636062622e-01
1.638274621046344848e+01
1.419014518404043912e+01
8.860308676958084106e-02
8.820181488990783691e-01
1.958459676379358427e+01
1.519291709596051554e+01
9.114083051681518555e-01
1.179818660020828247e-01
1.958459684729712080e+01
1.659510244190339279e+01
9.114100337028503418e-01
6.179826259613037109e-01
1.958459684862766892e+01
1.835801028006792279e+01
8.859239518642425537e-02
3.820181787014007568e-01
1.958459684583438332e+01
1.305330625578204895e+01
8.860307931900024414e-02
3.820181190967559814e-01
1.958459676388932280e+01
1.471353262917295623e+01
4.333286583423614502e-01
1.340331882238388062e-01
1.638274628111269848e+01
1.461241200296614018e+01
5.667062401771545410e-01
8.659696578979492188e-01
1.638274582382198119e+01
1.413360849862616142e+01
8.858988434076309204e-02
3.820080459117889404e-01
1.958459680860635999e+01
1.441823346011003615e+01
9.114100337028503418e-01
1.117974162101745605e+00
1.958459682516740585e+01
1.456383875944971606e+01
8.859688788652420044e-02
-1.179818361997604370e-01
1.958459682501777621e+01
1.370378330454803084e+01
8.858989179134368896e-02
8.820142149925231934e-01
1.958459684281066160e+01
1.865884676047080148e+01
-8.854719996452331543e-02
6.179822087287902832e-01
1.958459595365595263e+01
1.192771036468153945e+01
9.113798737525939941e-01
1.180100291967391968e-01
1.958459608492557180e+01
1.667119624134979716e+01
9.114100337028503418e-01
1.179818511009216309e-01
1.958459684884487473e+01
1.608869715321920779e+01
8.858168870210647583e-02
8.820258975028991699e-01
1.958459679143570042e+01
1.566300622611600701e+01
9.114099740982055664e-01
1.180051714181900024e-01
1.958459663359793623e+01
1.737983657854629627e+01
8.858940005302429199e-02
3.820181190967559814e-01
1.958459684871518292e+01
1.783675175367239518e+01
9.228655695915222168e-01
6.126494407653808594e-01
2.444008731912018106e+01
2.276764797401922280e+01
9.228639602661132812e-01
6.126554012298583984e-01
2.444008730481003866e+01
1.798605181922679463e+01
7.715454697608947754e-02
8.873510360717773438e-01
2.444008708805750274e+01
1.919780369080287841e+01
4.463144540786743164e-01
6.104288697242736816e-01
2.034328137471450759e+01
2.033104230453832173e+01
5.537012219429016113e-01
8.894437551498413086e-01
2.034328289110996835e+01
1.870550712281508865e+01
7.715170085430145264e-02
3.873508572578430176e-01
2.444008715456427439e+01
2.018189627272343145e+01
7.713612169027328491e-02
3.873499631881713867e-01
2.444008732096845193e+01
1.881831600236209567e+01
5.537376999855041504e-01
3.894676566123962402e-01
2.034328263665976877e+01
1.966887908792660511e+01
7.714123278856277466e-02
3.873508274555206299e-01
2.444008730325083789e+01
1.781507543418800310e+01
7.713612169027328491e-02
3.873514235019683838e-01
2.444008732076887114e+01
2.270034498126156564e+01
7.714992016553878784e-02
3.873508870601654053e-01
2.444008719048937905e+01
1.891004444451207078e+01
4.462911784648895264e-01
6.105509996414184570e-01
2.034328290501919412e+01
1.929306977806455592e+01
7.713611423969268799e-02
8.873487710952758789e-01
2.444008731967251791e+01
1.599737862460843019e+01
7.713609933853149414e-02
8.873487710952758789e-01
2.444008731967221237e+01
1.974452578590448582e+01
9.228556752204895020e-01
6.126493215560913086e-01
2.444008727503041811e+01
1.923225877252803784e+01
7.713660597801208496e-02
8.873504996299743652e-01
2.444008732097276493e+01
1.831243475024625056e+01
5.537142157554626465e-01
8.895086646080017090e-01
2.034328258510637255e+01
1.943435327598906781e+01
9.228453636169433594e-01
1.126487329602241516e-01
2.444008708571206512e+01
1.952296025918675326e+01
4.462950229644775391e-01
6.105507016181945801e-01
2.034328290101085557e+01
2.029007899486266098e+01
7.715699076652526855e-02
-1.126338839530944824e-01
2.444008691420122759e+01
1.786788394191422569e+01
9.161038398742675781e-01
1.175717264413833618e-01
2.196548132292550548e+01
1.741048736103861572e+01
8.390462398529052734e-02
8.823964595794677734e-01
2.196548083485096470e+01
1.413943247719355334e+01
8.390622586011886597e-02
8.824284076690673828e-01
2.196548125788682171e+01
1.757023615979460018e+01
9.160963892936706543e-01
6.175712943077087402e-01
2.196548128678676903e+01
1.677783824933598922e+01
4.414328634738922119e-01
1.229643002152442932e-01
1.812781271891176260e+01
1.625199672622692404e+01
4.414329826831817627e-01
1.231105253100395203e-01
1.812781279802630152e+01
1.617754812454128910e+01
-8.386246114969253540e-02
1.175734028220176697e-01
2.196548062851622163e+01
1.393534113400572849e+01
9.161033034324645996e-01
6.175292134284973145e-01
2.196548054268301797e+01
1.613635506096339967e+01
8.393041789531707764e-02
8.824193477630615234e-01
2.196548055105934694e+01
1.786038216571910198e+01
5.585660934448242188e-01
8.769596219062805176e-01
1.812781324693472484e+01
1.640253571268125299e+01
8.389944583177566528e-02
8.824284076690673828e-01
2.196548131545993954e+01
1.710781753536087635e+01
8.389765024185180664e-02
3.824283480644226074e-01
2.196548132119382757e+01
1.599482978904483410e+01
8.389720320701599121e-02
8.824282288551330566e-01
2.196548132199805892e+01
1.708002611328869946e+01
8.394642919301986694e-02
3.824294507503509521e-01
2.196547974952068927e+01
1.656979387573463569e+01
5.585545897483825684e-01
8.769596219062805176e-01
1.812781318945815556e+01
1.710996948498766557e+01
9.161039590835571289e-01
6.175655722618103027e-01
2.196548130673795285e+01
1.510088356637573881e+01
9.161042571067810059e-01
1.175846010446548462e-01
2.196548125094858506e+01
1.384787770351610980e+01
9.161014556884765625e-01
6.175715923309326172e-01
2.196548131883561439e+01
1.732066678518043545e+01
8.392222970724105835e-02
3.824289739131927490e-01
2.196548089666576686e+01
1.672736626633333756e+01
8.390025794506072998e-02
8.824284076690673828e-01
2.196548131155897821e+01
1.713415285301613622e+01
4.115328788757324219e-01
8.465838432312011719e-01
1.878267012813686421e+01
1.857100964061881854e+01
4.115046262741088867e-01
8.469783067703247070e-01
1.878266995591097199e+01
1.876122541130645516e+01
9.156184196472167969e-01
1.228407695889472961e-01
2.432982934270066266e+01
1.978984070895148406e+01
9.155892729759216309e-01
1.228493303060531616e-01
2.432982994936055476e+01
2.117819608169531875e+01
9.155885577201843262e-01
6.228594183921813965e-01
2.432982975918002566e+01
2.253287159411689444e+01
8.441074937582015991e-02
3.771679103374481201e-01
2.432983005069483085e+01
1.851304578830668746e+01
2.967385053634643555e-01
1.126708626747131348e+00
1.876435214456693856e+01
1.847087822593738338e+01
2.967475652694702148e-01
6.269657015800476074e-01
1.876435210771536433e+01
1.852321666375209119e+01
9.155891537666320801e-01
1.228121817111968994e-01
2.432982981776057940e+01
2.039281696078079520e+01
7.032544612884521484e-01
3.730245232582092285e-01
1.876435205418682273e+01
1.841029282144051749e+01
1.084410548210144043e+00
3.771336674690246582e-01
2.432982957392051659e+01
1.606518412784582495e+01
8.443767577409744263e-02
3.773771822452545166e-01
2.432980826991882495e+01
1.844225380370445322e+01
2.967376112937927246e-01
6.269697546958923340e-01
1.876435208213626638e+01
1.868084177853059202e+01
7.032639980316162109e-01
8.732866048812866211e-01
1.876435216794857297e+01
1.859517768609024557e+01
4.114949405193328857e-01
3.471353352069854736e-01
1.878266839378152042e+01
1.859270540229065816e+01
8.440661430358886719e-02
3.771654367446899414e-01
2.432983003958262813e+01
2.066604582685260638e+01
9.155912995338439941e-01
1.228345185518264771e-01
2.432983005005615951e+01
1.868150354723350759e+01
8.437851816415786743e-02
8.771653771400451660e-01
2.432982920789651615e+01
2.092911367693801239e+01
5.883708596229553223e-01
1.532332748174667358e-01
1.878267018003418443e+01
1.846359979203037227e+01
9.155892729759216309e-01
1.228325366973876953e-01
2.432983005161949563e+01
2.342550651453033694e+01
3.290421664714813232e-01
3.702504336833953857e-01
1.971568038598949713e+01
1.953971122755108425e+01
4.496167600154876709e-01
6.162112951278686523e-01
1.978228315783058733e+01
1.949166586874639862e+01
3.285363614559173584e-01
8.701204657554626465e-01
1.971569524558531583e+01
1.939204351180282160e+01
7.958316057920455933e-02
-1.177362650632858276e-01
2.505968633721543526e+01
1.751266269115761531e+01
5.504028201103210449e-01
3.840805590152740479e-01
1.978228301988663773e+01
1.965910484542601822e+01
-7.956413924694061279e-02
6.177634596824645996e-01
2.505968627650446479e+01
1.297793053535161789e+01
4.496898353099822998e-01
1.161020174622535706e-01
1.978228295865174857e+01
1.934904895440598338e+01
7.960663735866546631e-02
3.822457492351531982e-01
2.505968606932661658e+01
1.989826527277984525e+01
5.503780245780944824e-01
8.838317990303039551e-01
1.978228340877570446e+01
1.974277218563625169e+01
9.204194545745849609e-01
6.177583932876586914e-01
2.505968655806303502e+01
2.003096292489340513e+01
7.958622276782989502e-02
8.822426795959472656e-01
2.505968654814843788e+01
1.664623748857558638e+01
7.957987487316131592e-02
8.821995854377746582e-01
2.505968568346139946e+01
1.418071627934785184e+01
9.204113483428955078e-01
6.177543401718139648e-01
2.505968652282862763e+01
1.493187230114497410e+01
6.714204549789428711e-01
1.297446489334106445e-01
1.971569542885580972e+01
1.952603291757541371e+01
6.714583039283752441e-01
1.296686828136444092e-01
1.971569542054729141e+01
1.959725144082757353e+01
9.204193949699401855e-01
6.177861094474792480e-01
2.505968617342650973e+01
1.301264275358903433e+01
3.285384178161621094e-01
8.701815009117126465e-01
1.971569544301926058e+01
1.958055299082924350e+01
3.282572031021118164e-01
3.698060810565948486e-01
1.971568786923846162e+01
1.954361158238670981e+01
9.204062223434448242e-01
6.177571415901184082e-01
2.505968645226912273e+01
2.080378676294281348e+01
6.709291934967041016e-01
1.292780488729476929e-01
1.971567566369738955e+01
1.959265150788167631e+01
4.393962919712066650e-01
1.171030700206756592e-01
1.428005163540588640e+01
1.338600445477868384e+01
9.719071537256240845e-02
8.797548413276672363e-01
1.794871033624324497e+01
9.358076142459079705e+00
9.724131226539611816e-02
-1.201946288347244263e-01
1.794871037434053918e+01
1.197613790889503704e+01
9.725305438041687012e-02
3.797887861728668213e-01
1.794870973992121321e+01
1.746671525884455178e+01
5.606038570404052734e-01
8.829713463783264160e-01
1.428005215006406203e+01
1.393963197617157945e+01
9.028114676475524902e-01
1.201971545815467834e-01
1.794871141511975310e+01
9.580068562726875570e+00
9.027637243270874023e-01
6.201945543289184570e-01
1.794871056449042612e+01
1.649575836695890629e+01
4.393954873085021973e-01
1.170150265097618103e-01
1.428005216222761220e+01
1.317501035244609753e+01
-9.715056419372558594e-02
1.201661378145217896e-01
1.794871069295592036e+01
9.124989903940491587e+00
4.393976926803588867e-01
1.170597299933433533e-01
1.428005202759358028e+01
1.349201115969543885e+01
5.605994462966918945e-01
8.828799128532409668e-01
1.428005141344920403e+01
1.291775253430105508e+01
9.028094410896301270e-01
6.202480792999267578e-01
1.794871021516659226e+01
1.235314063816170282e+01
5.606025457382202148e-01
8.829842805862426758e-01
1.428005216164315705e+01
1.340452038923683276e+01
9.028117060661315918e-01
6.201923489570617676e-01
1.794871142837106248e+01
1.272004914550160493e+01
5.605801343917846680e-01
3.828918635845184326e-01
1.428005147932537433e+01
1.373261477794629748e+01
9.027585983276367188e-01
6.201941370964050293e-01
1.794871037130389624e+01
1.326263453716093821e+01
9.028065204620361328e-01
1.201912686228752136e-01
1.794871141852848595e+01
1.273135495104240533e+01
4.393969476222991943e-01
6.170541644096374512e-01
1.428005205920398701e+01
1.277897278528303637e+01
4.394340217113494873e-01
1.170250177383422852e-01
1.428005183676629031e+01
1.320308650751013424e+01
9.718973934650421143e-02
8.798115253448486328e-01
1.794871142548225151e+01
1.352748303097210147e+01
