5.719253420829772949e-01
3.831515014171600342e-01
3.008502027168046311e+01
2.277514408188261186e+01
7.192467898130416870e-02
8.831503987312316895e-01
3.008502028079600876e+01
2.794428308938688943e+01
9.280687570571899414e-01
6.168688535690307617e-01
3.008501997542298056e+01
2.426563714279245687e+01
1.071901321411132812e+00
3.831483423709869385e-01
3.008501993770927285e+01
2.043256047027749744e+01
7.191927731037139893e-02
3.831323385238647461e-01
3.008502015112459560e+01
2.320493188316535793e+01
7.192026823759078979e-02
8.833333253860473633e-01
3.008500221697193311e+01
2.473255246802609619e+01
5.719190835952758789e-01
8.831238746643066406e-01
3.008501995792343564e+01
2.186521387921744619e+01
9.280775189399719238e-01
6.168528199195861816e-01
3.008502029648716203e+01
2.577348053852085386e+01
5.719237327575683594e-01
3.831471204757690430e-01
3.008502028702115894e+01
2.379267784569458044e+01
7.192721217870712280e-02
8.832281827926635742e-01
3.008501695349766791e+01
2.390509530885879030e+01
9.280757904052734375e-01
1.168503165245056152e-01
3.008502028591642485e+01
2.361819330033936026e+01
7.189317792654037476e-02
8.830929398536682129e-01
3.008501789110611924e+01
2.777998188894803988e+01
5.719391703605651855e-01
8.831504583358764648e-01
3.008501989615885464e+01
2.425629997785725678e+01
9.280806183815002441e-01
6.168643832206726074e-01
3.008502020537721222e+01
2.583227880055611436e+01
4.280844628810882568e-01
1.169240996241569519e-01
3.008501740638268984e+01
2.455057605403058574e+01
9.280804991722106934e-01
1.168568059802055359e-01
3.008502028675622597e+01
2.502899558605438557e+01
4.280829131603240967e-01
1.168506890535354614e-01
3.008502030000644822e+01
2.339551481249399245e+01
5.719199180603027344e-01
3.831561803817749023e-01
3.008502028344331336e+01
2.433643619044358175e+01
9.280795454978942871e-01
1.168411374092102051e-01
3.008502025997196583e+01
2.824802076466284717e+01
9.280791878700256348e-01
6.168171763420104980e-01
3.008501971176465517e+01
2.455377450211392087e+01
4.173433780670166016e-01
6.175598502159118652e-01
2.381092173843809690e+01
1.947261706210262133e+01
8.267668634653091431e-02
-1.175483986735343933e-01
2.381092195464357530e+01
1.581808618258125065e+01
8.267672359943389893e-02
3.824648857116699219e-01
2.381092173391982669e+01
1.722160262457728308e+01
9.173232913017272949e-01
1.175438165664672852e-01
2.381092189695250383e+01
2.257774423515074247e+01
5.826413631439208984e-01
8.824399709701538086e-01
2.381092115741574489e+01
1.489361129263312833e+01
4.173223376274108887e-01
1.175597086548805237e-01
2.381092201315534851e+01
1.693982639440091731e+01
8.267438411712646484e-02
8.824402093887329102e-01
2.381092201048165791e+01
2.129332803010415631e+01
5.827403664588928223e-01
3.827880620956420898e-01
2.381086338483044074e+01
1.973275654447873961e+01
1.082670450210571289e+00
8.824402093887329102e-01
2.381092198772369173e+01
1.523656698131480702e+01
4.173154532909393311e-01
6.175596117973327637e-01
2.381092197055342297e+01
1.996882749926405154e+01
-8.267106115818023682e-02
6.175597310066223145e-01
2.381092199265783194e+01
1.800185207974119450e+01
4.173278808593750000e-01
1.175608560442924500e-01
2.381092199941267751e+01
1.887347915664952325e+01
5.826778411865234375e-01
-1.175597012042999268e-01
2.381092201287505716e+01
1.831102755071052357e+01
4.173224866390228271e-01
6.175597310066223145e-01
2.381092201335509628e+01
2.294251186435594647e+01
5.826866030693054199e-01
3.824403584003448486e-01
2.381092194516168092e+01
1.721992202473845168e+01
5.826776027679443359e-01
8.824403285980224609e-01
2.381092201323817292e+01
1.667532518292573229e+01
5.826778411865234375e-01
3.824402689933776855e-01
2.381092201287494703e+01
1.763094107293174062e+01
5.826766490936279297e-01
3.824391365051269531e-01
2.381092201330476854e+01
1.791685318025729856e+01
5.826765894889831543e-01
8.824406862258911133e-01
2.381092201383549067e+01
1.895463683737793303e+01
4.173265695571899414e-01
1.175597459077835083e-01
2.381092200692464189e+01
1.432700577609807091e+01
9.232970476150512695e-01
1.150462999939918518e-01
2.647391529202239724e+01
2.140367036310768256e+01
5.767048001289367676e-01
3.850190341472625732e-01
2.647391318476734767e+01
1.853819096643719533e+01
5.767028331756591797e-01
8.849318623542785645e-01
2.647391505640367626e+01
2.311403439231654389e+01
5.767171978950500488e-01
8.849430680274963379e-01
2.647391507484124062e+01
2.257843868678132182e+01
4.233489930629730225e-01
1.150560230016708374e-01
2.647391304772644816e+01
2.207554126051422472e+01
9.232969880104064941e-01
6.150463223457336426e-01
2.647391529204356431e+01
2.147320786840715456e+01
5.767037868499755859e-01
-1.150166690349578857e-01
2.647391485885992068e+01
1.455180497611561563e+01
4.232968389987945557e-01
1.150472685694694519e-01
2.647391529160043788e+01
2.131922556287974047e+01
7.670069485902786255e-02
3.849536180496215820e-01
2.647391528696925889e+01
2.324453590580452556e+01
7.670307904481887817e-02
8.849534392356872559e-01
2.647391529202573679e+01
2.401269579714926650e+01
4.232969880104064941e-01
1.150566413998603821e-01
2.647391523916646960e+01
1.736518471806878594e+01
4.232951700687408447e-01
1.150462403893470764e-01
2.647391528993814092e+01
1.957518739079308290e+01
4.232969880104064941e-01
6.150602102279663086e-01
2.647391519640414259e+01
2.021026213274333472e+01
-7.670315355062484741e-02
6.150487661361694336e-01
2.647391528904628899e+01
2.096590512569736475e+01
4.232969880104064941e-01
6.150635480880737305e-01
2.647391514502526633e+01
2.046527252636825267e+01
7.670299708843231201e-02
8.849388360977172852e-01
2.647391518284652889e+01
1.989685632816821581e+01
5.767037868499755859e-01
3.849537968635559082e-01
2.647391529179803626e+01
2.108205161218511137e+01
4.232965409755706787e-01
6.150290966033935547e-01
2.647391514613141084e+01
2.069277821712894294e+01
7.670535892248153687e-02
3.849537968635559082e-01
2.647391528831941088e+01
1.804641930249124471e+01
4.232842922210693359e-01
6.150577068328857422e-01
2.647391509848308999e+01
2.261429998736756630e+01
4.172189533710479736e-01
6.166045069694519043e-01
2.374555444829964301e+01
2.054140568180069693e+01
9.172046780586242676e-01
1.116578102111816406e+00
2.374555413807457427e+01
1.730369679526957682e+01
8.275569230318069458e-02
8.834213018417358398e-01
2.374555518847778046e+01
1.846194310421562079e+01
4.172441959381103516e-01
1.165432855486869812e-01
2.374555460675079033e+01
1.922388767329435311e+01
8.275568485260009766e-02
3.834139704704284668e-01
2.374555516379340148e+01
1.742489748188656407e+01
4.172421693801879883e-01
6.165786385536193848e-01
2.374555518536410403e+01
1.854143153073707850e+01
9.172245860099792480e-01
1.165831908583641052e-01
2.374555491855534584e+01
1.893121252711532421e+01
5.827556848526000977e-01
3.834213316440582275e-01
2.374555518847669333e+01
1.822566135373052987e+01
4.171979427337646484e-01
1.165784075856208801e-01
2.374555375107176758e+01
1.843870856654961088e+01
5.827558040618896484e-01
3.834015429019927979e-01
2.374555500821685783e+01
1.259542657593745574e+01
4.172442555427551270e-01
6.165557503700256348e-01
2.374555494397265321e+01
2.224605065925774383e+01
5.827555656433105469e-01
8.834053277969360352e-01
2.374555507075971761e+01
1.727995104537870219e+01
4.172433614730834961e-01
6.165964007377624512e-01
2.374555504317041610e+01
1.470128132598116721e+01
4.172442555427551270e-01
1.116556882858276367e+00
2.374555496747981209e+01
1.835303014906860142e+01
5.827557444572448730e-01
8.834109306335449219e-01
2.374555513895322179e+01
1.232525615594622792e+01
9.172285199165344238e-01
1.165786311030387878e-01
2.374555502152031039e+01
1.919513949681356024e+01
5.827557444572448730e-01
8.834198713302612305e-01
2.374555518756685757e+01
1.287156663265354517e+01
4.172448813915252686e-01
6.166931986808776855e-01
2.374554912047333488e+01
1.798444143687486019e+01
5.827557444572448730e-01
3.834212422370910645e-01
2.374555518847463276e+01
1.930470594776261350e+01
9.172412753105163574e-01
1.165780574083328247e-01
2.374555518205331595e+01
2.106398342649902489e+01
9.280945062637329102e-01
1.129071190953254700e-01
2.918422253213429940e+01
2.372942484651177253e+01
7.150712609291076660e-02
8.869145512580871582e-01
2.918405753904250588e+01
2.464956569724909485e+01
7.190547138452529907e-02
3.870960772037506104e-01
2.918422252060821975e+01
2.515788727928489621e+01
7.190821319818496704e-02
8.871359229087829590e-01
2.918422146792531890e+01
2.538060591893978568e+01
9.280945062637329102e-01
6.129051446914672852e-01
2.918422252628859681e+01
2.745523966556985940e+01
7.192698121070861816e-02
8.870933651924133301e-01
2.918422208269864981e+01
2.367770394315697757e+01
7.193367183208465576e-02
8.871475458145141602e-01
2.918422015629478850e+01
2.335326500250789650e+01
9.280945062637329102e-01
1.129020079970359802e-01
2.918422250852309219e+01
2.718025586773798352e+01
4.280929267406463623e-01
1.129291281104087830e-01
2.918422231348608875e+01
2.322802711630488304e+01
1.071905374526977539e+00
8.870921730995178223e-01
2.918422253325357474e+01
2.321113824780150381e+01
9.280959367752075195e-01
1.129471510648727417e-01
2.918422176274731683e+01
2.284059016563268329e+01
5.719055533409118652e-01
3.870910704135894775e-01
2.918422253384332521e+01
2.368173120862933700e+01
5.719056129455566406e-01
3.871033489704132080e-01
2.918422245413260896e+01
2.138395476438729048e+01
4.280961453914642334e-01
6.129301786422729492e-01
2.918422229498021636e+01
1.758259727461633659e+01
4.280943572521209717e-01
6.129463315010070801e-01
2.918422179374926984e+01
2.518009102197145310e+01
4.280979037284851074e-01
6.129674911499023438e-01
2.918422072075773244e+01
1.782863330160014570e+01
5.719037652015686035e-01
8.870526552200317383e-01
2.918422175471347302e+01
1.771605890466905464e+01
4.280943572521209717e-01
6.129088997840881348e-01
2.918422253378917475e+01
2.171341109616027865e+01
4.280954599380493164e-01
1.129308119416236877e-01
2.918422228124909168e+01
2.430455347210098083e+01
4.280956983566284180e-01
1.129415035247802734e-01
2.918422197387820560e+01
2.355883044451665143e+01
5.809133648872375488e-01
3.855732679367065430e-01
2.360167182514556572e+01
2.193361043183776360e+01
9.190956950187683105e-01
6.144272685050964355e-01
2.360167199353464440e+01
1.974087095480668452e+01
8.092227578163146973e-02
8.855639100074768066e-01
2.360167150990233154e+01
1.944101745083463939e+01
9.191040396690368652e-01
1.144522875547409058e-01
2.360167177379836900e+01
2.079422170538464698e+01
9.191061854362487793e-01
6.144103407859802246e-01
2.360167190499426226e+01
2.296424206780084987e+01
4.191085696220397949e-01
1.144928038120269775e-01
2.360167009747128120e+01
1.753886166811369307e+01
5.808925628662109375e-01
8.855088353157043457e-01
2.360167019642067032e+01
1.748704693022463275e+01
5.809216499328613281e-01
8.855729103088378906e-01
2.360167157383852654e+01
2.136189941984602214e+01
9.190680980682373047e-01
6.144298315048217773e-01
2.360167112820060709e+01
2.310054155887917915e+01
5.808981060981750488e-01
3.855722844600677490e-01
2.360167204467784430e+01
1.764382252528399064e+01
5.808996558189392090e-01
3.855726122856140137e-01
2.360167203673097802e+01
1.849176263886126748e+01
5.809175372123718262e-01
-1.144250482320785522e-01
2.360167170870808206e+01
1.588537468637938588e+01
8.089573681354522705e-02
3.855753839015960693e-01
2.360167204546770137e+01
1.732583567064180841e+01
9.191066026687622070e-01
6.144280433654785156e-01
2.360167204871723001e+01
2.026812567855847291e+01
5.809040665626525879e-01
3.855739533901214600e-01
2.360167199549346506e+01
1.551837395389140006e+01
4.191067516803741455e-01
1.144798323512077332e-01
2.360167080155830632e+01
2.041064704112438477e+01
9.190799593925476074e-01
1.144258901476860046e-01
2.360167162964093635e+01
1.580556045138578014e+01
4.191066324710845947e-01
1.144728288054466248e-01
2.360167111586307698e+01
1.886513736341880687e+01
8.089799433946609497e-02
3.856386840343475342e-01
2.360166999324842152e+01
1.353313183526951491e+01
5.808953046798706055e-01
3.855652213096618652e-01
2.360167202884414905e+01
1.725371502312326655e+01
7.478955388069152832e-02
8.857340812683105469e-01
2.702046639517359239e+01
2.628584307310156021e+01
4.252112209796905518e-01
1.143011748790740967e-01
2.702046691675354850e+01
2.092885323515692519e+01
4.251835942268371582e-01
6.142851710319519043e-01
2.702046618878573980e+01
2.477930936089427760e+01
-7.478955388069152832e-02
1.142895445227622986e-01
2.702046688255150642e+01
2.014229024295664061e+01
7.478672266006469727e-02
3.856758475303649902e-01
2.702046658317498995e+01
2.139759457935197773e+01
4.252117872238159180e-01
6.142982840538024902e-01
2.702046692075060719e+01
2.153702632287528829e+01
5.747869014739990234e-01
8.857015371322631836e-01
2.702046691800254763e+01
2.222130059172208405e+01
7.478844374418258667e-02
8.856960535049438477e-01
2.702046690479632929e+01
1.737141946830094952e+01
4.252112209796905518e-01
1.114297986030578613e+00
2.702046692097025016e+01
2.054746331578259699e+01
7.479300349950790405e-02
3.857021629810333252e-01
2.702046690530413997e+01
2.195096675495284444e+01
4.252073764801025391e-01
6.142972707748413086e-01
2.702046690770180248e+01
2.108712811830640277e+01
4.252117872238159180e-01
6.143047809600830078e-01
2.702046689960383574e+01
2.143249939791833825e+01
5.747969746589660645e-01
8.856831192970275879e-01
2.702046667893232268e+01
2.367460467913803512e+01
7.478777319192886353e-02
8.856765627861022949e-01
2.702046660271741629e+01
1.966744335942295407e+01
7.478915154933929443e-02
3.857121169567108154e-01
2.702046686682245991e+01
2.105646141717846120e+01
5.747776627540588379e-01
8.857005238533020020e-01
2.702046681362991265e+01
1.805771129043125711e+01
5.747887492179870605e-01
3.857021629810333252e-01
2.702046692091646207e+01
2.155551682261936719e+01
7.478923350572586060e-02
3.857017755508422852e-01
2.702046692081399115e+01
2.163478294484371389e+01
9.252108931541442871e-01
1.142893210053443909e-01
2.702046688078890924e+01
2.174377875053035680e+01
5.747909545898437500e-01
8.857457041740417480e-01
2.702046594907103128e+01
2.427734460283074469e+01
4.137827455997467041e-01
6.161128878593444824e-01
2.205604085570483619e+01
1.711160887228349026e+01
5.861701965332031250e-01
3.838784098625183105e-01
2.205603953577416121e+01
1.283342115022577801e+01
8.606982231140136719e-02
3.838807046413421631e-01
2.205602760430852172e+01
1.580189897983275316e+01
5.862172245979309082e-01
3.838866949081420898e-01
2.205604085837520856e+01
1.386447219058812053e+01
5.862166881561279297e-01
8.838629126548767090e-01
2.205604075212445991e+01
1.611659899193795553e+01
8.621416240930557251e-02
3.838079571723937988e-01
2.205603856219050485e+01
1.254683991729890380e+01
9.137817621231079102e-01
1.160870939493179321e-01
2.205604038691365787e+01
2.083191515575253305e+01
8.621723204851150513e-02
3.838798105716705322e-01
2.205604087983974182e+01
1.344644116810315815e+01
5.862002372741699219e-01
3.834570348262786865e-01
2.205596058747240562e+01
1.830366658939474789e+01
8.621580153703689575e-02
3.838368058204650879e-01
2.205604005054078698e+01
1.398219316871527873e+01
4.137812852859497070e-01
6.161025166511535645e-01
2.205604073806730980e+01
1.632838654299232672e+01
4.137947559356689453e-01
6.161201596260070801e-01
2.205604079415900287e+01
1.547544243840311928e+01
8.624373376369476318e-02
3.838812410831451416e-01
2.205604044522911522e+01
1.665355861319104491e+01
4.137811362743377686e-01
6.160622239112854004e-01
2.205603936919485619e+01
1.590949052130075181e+01
8.621748536825180054e-02
3.838901221752166748e-01
2.205604083178646135e+01
1.290162093374169494e+01
4.137820601463317871e-01
6.161335110664367676e-01
2.205604079979637788e+01
1.239059179120657284e+01
5.862577557563781738e-01
3.838811218738555908e-01
2.205603986833390451e+01
1.627283224148720464e+01
9.137582182884216309e-01
1.161193251609802246e-01
2.205604050675734840e+01
1.909138638157168089e+01
9.137842655181884766e-01
1.161717325448989868e-01
2.205603968835053053e+01
1.724858464081927778e+01
9.137819409370422363e-01
1.161336377263069153e-01
2.205604079810320428e+01
1.942449574431122272e+01
