7.485124468803405762e-02
8.876087665557861328e-01
2.686185723317969476e+01
1.866338875466434288e+01
9.251507520675659180e-01
1.123355031013488770e-01
2.686185765898218136e+01
2.685055697551731413e+01
9.251495599746704102e-01
6.123995184898376465e-01
2.686185690115291536e+01
2.071329973286787407e+01
5.728352665901184082e-01
3.863785564899444580e-01
2.477505766750935479e+01
2.087305577979480731e+01
7.485256344079971313e-02
3.876447975635528564e-01
2.686185787301713646e+01
2.452691330449104612e+01
4.270829260349273682e-01
1.136329099535942078e-01
2.477506001542125347e+01
2.151510948035269521e+01
5.729032754898071289e-01
3.863645792007446289e-01
2.477506011204867775e+01
2.359029664151161754e+01
7.485336065292358398e-02
-1.123326942324638367e-01
2.686185761090703039e+01
2.089763935936569439e+01
5.729032754898071289e-01
3.863610327243804932e-01
2.477506010383579493e+01
2.127608236142956954e+01
5.729148983955383301e-01
3.863711059093475342e-01
2.477506003837994086e+01
2.198127427160742187e+01
4.270948767662048340e-01
6.136116981506347656e-01
2.477505997058495879e+01
1.970276851708516475e+01
7.485164701938629150e-02
8.876298069953918457e-01
2.686185776506001943e+01
1.455182428815144036e+01
5.729130506515502930e-01
3.863668739795684814e-01
2.477506006432096797e+01
2.063567253304249860e+01
9.251474738121032715e-01
1.123567894101142883e-01
2.686185787229152666e+01
1.885276619282836919e+01
5.729032754898071289e-01
8.863661289215087891e-01
2.477506011325627711e+01
2.239599550099534042e+01
4.270922839641571045e-01
1.136792600154876709e-01
2.477505946622436639e+01
2.001635550877958991e+01
9.251308441162109375e-01
6.125460863113403320e-01
2.686183923453893740e+01
2.161155976863340911e+01
7.488691806793212891e-02
8.876471519470214844e-01
2.686185690207978993e+01
2.151707272393404935e+01
4.270968437194824219e-01
6.136484146118164062e-01
2.477506004494818015e+01
1.852404315617644670e+01
5.729032754898071289e-01
3.863612413406372070e-01
2.477506010452885477e+01
2.150066442671427680e+01
4.204334914684295654e-01
1.188260465860366821e-01
2.098381572743290491e+01
1.872537072210719344e+01
4.204340577125549316e-01
6.187609434127807617e-01
2.098381698910156246e+01
1.625511545773142075e+01
9.172335863113403320e-01
6.167677640914916992e-01
2.247728871639396431e+01
1.685215574933614846e+01
4.204341471195220947e-01
6.187250614166259766e-01
2.098381660309734897e+01
1.750162571159318858e+01
5.795685052871704102e-01
8.812388777732849121e-01
2.098381698619820668e+01
1.765214835344423960e+01
4.204367697238922119e-01
6.187905073165893555e-01
2.098381672534245723e+01
1.646627604269322731e+01
8.276653289794921875e-02
8.832504749298095703e-01
2.247728926249986969e+01
1.373496202450045445e+01
4.204083681106567383e-01
1.187741160392761230e-01
2.098381661841450452e+01
1.578042010519494553e+01
4.204267859458923340e-01
6.187611222267150879e-01
2.098381696402991636e+01
1.853704224391844946e+01
5.795793533325195312e-01
8.812388777732849121e-01
2.098381690238337782e+01
1.733936004399812703e+01
4.204235672950744629e-01
6.187611222267150879e-01
2.098381693633195866e+01
1.808004051722213035e+01
8.276676386594772339e-02
3.832656443119049072e-01
2.247728949451111546e+01
1.548046174165806477e+01
5.796638727188110352e-01
-1.187610626220703125e-01
2.098381228814164956e+01
1.686185556680666053e+01
4.204341471195220947e-01
6.187266707420349121e-01
2.098381663687018062e+01
1.694763836336459661e+01
5.796611905097961426e-01
8.812381625175476074e-01
2.098381254256889150e+01
1.844830877240199030e+01
8.276675641536712646e-02
3.832755386829376221e-01
2.247728953710004518e+01
1.836042859648967607e+01
9.172309041023254395e-01
1.167182549834251404e-01
2.247728951720887380e+01
2.122423036047197087e+01
8.238550275564193726e-02
3.830714821815490723e-01
2.247718220104988518e+01
2.021135810491957230e+01
8.276676386594772339e-02
8.832642436027526855e-01
2.247728948154404804e+01
1.825880789526139836e+01
8.276697993278503418e-02
-1.167180761694908142e-01
2.247728951902908889e+01
1.492512636456388186e+01
4.232552945613861084e-01
6.192917227745056152e-01
2.161027350924916846e+01
1.913735807889294094e+01
8.153678476810455322e-02
3.820837438106536865e-01
2.315221032322764216e+01
1.968811769732773342e+01
4.232523143291473389e-01
1.192366257309913635e-01
2.161027440756071272e+01
1.799801572050917287e+01
4.232566654682159424e-01
1.192637532949447632e-01
2.161027420304766267e+01
1.657522105448207128e+01
8.153805136680603027e-02
8.821514248847961426e-01
2.315220804825525391e+01
1.871763463721068987e+01
9.184632897377014160e-01
1.117918968200683594e+00
2.315221032918257293e+01
1.526256583330785865e+01
4.232158362865447998e-01
1.192379742860794067e-01
2.161027348129660552e+01
1.768452610172855799e+01
8.153706043958663940e-02
-1.178849264979362488e-01
2.315220977857615736e+01
1.774658187158697586e+01
5.767440795898437500e-01
3.807619214057922363e-01
2.161027441533243731e+01
1.931044824301295648e+01
4.232556521892547607e-01
6.192374229431152344e-01
2.161027441539581773e+01
2.078812277643749695e+01
9.184637069702148438e-01
6.179293990135192871e-01
2.315221029088121441e+01
1.391705747073012844e+01
4.232558012008666992e-01
6.192319989204406738e-01
2.161027440632268082e+01
1.986095532552606358e+01
5.767440795898437500e-01
3.807648122310638428e-01
2.161027441388103298e+01
1.580525011866776453e+01
9.184631109237670898e-01
1.179200783371925354e-01
2.315221032964078773e+01
1.705455101523737582e+01
9.184631705284118652e-01
6.179200410842895508e-01
2.315221032967112080e+01
1.915740242784067249e+01
-8.153647184371948242e-02
6.179200410842895508e-01
2.315221032975038185e+01
1.683514395245953921e+01
4.232557713985443115e-01
1.192374005913734436e-01
2.161027441543133776e+01
1.919429058148117306e+01
4.232385456562042236e-01
1.192360371351242065e-01
2.161027423941124326e+01
1.819048763832613957e+01
4.232558906078338623e-01
1.192428544163703918e-01
2.161027440647283271e+01
2.005565404552130815e+01
5.767498016357421875e-01
3.807634413242340088e-01
2.161027439600795574e+01
1.726096180356488219e+01
9.211044907569885254e-01
1.121810376644134521e-01
2.337996673886163990e+01
1.813402273979870927e+01
9.211005568504333496e-01
1.121804863214492798e-01
2.337996672817906685e+01
1.857574350889771253e+01
9.211078882217407227e-01
6.122190952301025391e-01
2.337996606675741518e+01
1.726188337339071310e+01
9.211044907569885254e-01
6.121804714202880859e-01
2.337996673882871335e+01
2.124320277030566473e+01
9.210963845252990723e-01
1.121800467371940613e-01
2.337996669424348539e+01
2.079725623376081955e+01
9.211044311523437500e-01
6.121804714202880859e-01
2.337996673882179977e+01
2.025785730077703306e+01
5.749668478965759277e-01
8.842421174049377441e-01
2.205558279547851441e+01
2.120034782573851828e+01
7.893273234367370605e-02
8.878225684165954590e-01
2.337996581078876090e+01
1.861680583861274485e+01
5.749667882919311523e-01
8.842539191246032715e-01
2.205558284025946847e+01
1.815568165777559884e+01
7.893777638673782349e-02
8.876298666000366211e-01
2.337994862178414124e+01
1.865418748052368869e+01
7.889499515295028687e-02
3.878141939640045166e-01
2.337996672748886695e+01
1.377350456379966204e+01
4.250329434871673584e-01
6.157457828521728516e-01
2.205558284029030602e+01
2.105593127732280578e+01
5.749700069427490234e-01
3.842892050743103027e-01
2.205558244606978135e+01
1.730275047177972425e+01
5.749688148498535156e-01
-1.157036870718002319e-01
2.205558227317744979e+01
1.795161452030222904e+01
7.889548689126968384e-02
3.878199160099029541e-01
2.337996673863747432e+01
1.675596190115960837e+01
7.889541983604431152e-02
3.878198266029357910e-01
2.337996673869306008e+01
2.173528681700373255e+01
9.210959076881408691e-01
1.121792197227478027e-01
2.337996668841412173e+01
1.575687433532231552e+01
1.078851461410522461e+00
3.878224194049835205e-01
2.337996543180937437e+01
1.720761106335907442e+01
9.211011528968811035e-01
1.121805459260940552e-01
2.337996673112894186e+01
1.778455921843096021e+01
4.250329434871673584e-01
6.157459020614624023e-01
2.205558284030163918e+01
2.097824372993561681e+01
9.263029694557189941e-01
6.109292507171630859e-01
2.739060352569981305e+01
2.637083224247397339e+01
-7.367034256458282471e-02
6.110333800315856934e-01
2.739060419013726744e+01
1.631672883026237386e+01
7.368426024913787842e-02
3.889758884906768799e-01
2.739060486744665823e+01
2.593645847285115735e+01
7.370492815971374512e-02
8.890103697776794434e-01
2.739060535707375976e+01
2.205586099652204979e+01
4.301186800003051758e-01
6.160145998001098633e-01
2.566955366389908733e+01
2.337331939142023884e+01
9.263049960136413574e-01
6.109563112258911133e-01
2.739060486466846456e+01
2.505363137330140333e+01
7.370343804359436035e-02
-1.109876856207847595e-01
2.739060538252590860e+01
2.071015263823016284e+01
5.697821974754333496e-01
8.840029835700988770e-01
2.566956106163064533e+01
2.401727653968188747e+01
9.263080358505249023e-01
1.110030263662338257e-01
2.739060540240754804e+01
2.265376397030295053e+01
-7.369378954172134399e-02
1.109849661588668823e-01
2.739060546044684941e+01
2.122965391825542625e+01
4.302163124084472656e-01
1.158888414502143860e-01
2.566956001828411260e+01
2.233457377625779472e+01
5.697823762893676758e-01
3.840020000934600830e-01
2.566956103614501217e+01
2.117239306845500835e+01
9.262751340866088867e-01
6.109879612922668457e-01
2.739060461805479463e+01
2.180241055772524561e+01
4.302163720130920410e-01
6.159638762474060059e-01
2.566956155412568208e+01
2.449199391131424619e+01
9.263554215431213379e-01
6.110244989395141602e-01
2.739060304414946501e+01
2.338221990298930208e+01
4.302160441875457764e-01
1.115945577621459961e+00
2.566956151883157133e+01
2.125773679637327973e+01
9.263056516647338867e-01
1.110990524291992188e+00
2.739060547688195513e+01
2.190052730825291860e+01
4.302162826061248779e-01
1.115952610969543457e+00
2.566956155828102482e+01
2.194700682810734094e+01
5.697658061981201172e-01
3.840395212173461914e-01
2.566956134707125869e+01
1.758884191322616530e+01
7.369071990251541138e-02
3.889720141887664795e-01
2.739060476987535253e+01
2.157145293618074078e+01
1.078218817710876465e+00
8.821295499801635742e-01
2.618324045872758887e+01
1.576051607707717039e+01
5.738683342933654785e-01
3.795576393604278564e-01
2.414626060814703834e+01
2.090475752372075391e+01
4.260950088500976562e-01
6.204338073730468750e-01
2.414626113414433561e+01
1.933833191873714341e+01
4.261018335819244385e-01
1.204411908984184265e-01
2.414626117946333039e+01
2.298610869111749011e+01
9.222427010536193848e-01
1.117856025695800781e+00
2.618303715393987119e+01
2.003549208103986246e+01
4.261015057563781738e-01
1.204410791397094727e-01
2.414626117940317584e+01
2.071602338548174416e+01
7.825644314289093018e-02
8.821312189102172852e-01
2.618324088631223390e+01
2.016058833922220828e+01
5.738981366157531738e-01
3.795582354068756104e-01
2.414626117933572758e+01
2.132998707629667479e+01
9.217550754547119141e-01
1.117833137512207031e+00
2.618324036782338027e+01
1.796709584972243334e+01
9.217550754547119141e-01
6.178323626518249512e-01
2.618324033989407695e+01
1.978146802970490015e+01
9.217491745948791504e-01
1.178691312670707703e-01
2.618324097648330451e+01
1.992645221258491972e+01
7.826802134513854980e-02
3.819371759891510010e-01
2.618322195501163918e+01
2.029764997405484550e+01
4.261018335819244385e-01
1.204310581088066101e-01
2.414626114857023609e+01
2.034638077438180659e+01
7.824431359767913818e-02
8.821336627006530762e-01
2.618324100891745232e+01
2.073783876169139617e+01
4.261018335819244385e-01
6.204223632812500000e-01
2.414626107206921901e+01
2.127900837723660388e+01
5.738860964775085449e-01
3.795585036277770996e-01
2.414626108580147701e+01
2.020440249886803841e+01
9.217560291290283203e-01
1.178854927420616150e-01
2.618324088476624212e+01
1.667047680350420436e+01
4.261071979999542236e-01
6.204428672790527344e-01
2.414626116009013401e+01
2.153102345378487215e+01
7.825084030628204346e-02
8.821364045143127441e-01
2.618324096107735244e+01
2.430623357426765807e+01
5.738989710807800293e-01
-1.203925833106040955e-01
2.414626046030511830e+01
1.846105914268029835e+01
1.073819160461425781e+00
3.895518183708190918e-01
2.597002936300679465e+01
1.854479343490827148e+01
5.685105919837951660e-01
8.888211846351623535e-01
2.486040761328273163e+01
2.126559733779202332e+01
9.261817336082458496e-01
6.102303862571716309e-01
2.597000611561733763e+01
2.362668185595394021e+01
7.381591200828552246e-02
3.895493745803833008e-01
2.597002935854032657e+01
2.286758552493098051e+01
4.314820766448974609e-01
6.111322045326232910e-01
2.486040630389260286e+01
2.075004165487901631e+01
5.685107707977294922e-01
3.888407349586486816e-01
2.486040727111992510e+01
2.057546192664139184e+01
-7.381557673215866089e-02
1.104506626725196838e-01
2.597002935692986725e+01
1.733363400291144174e+01
4.314892888069152832e-01
6.111646294593811035e-01
2.486040739301912339e+01
2.200914427602565127e+01
5.685259103775024414e-01
8.888217806816101074e-01
2.486040742897661104e+01
2.127559412579286757e+01
4.314708411693572998e-01
6.111906766891479492e-01
2.486040741486087668e+01
2.065651199616321065e+01
7.383102178573608398e-02
8.895990252494812012e-01
2.597002809528225242e+01
2.225816810749614305e+01
4.314857125282287598e-01
6.112734675407409668e-01
2.486040526014347662e+01
2.451045775504113422e+01
9.261782169342041016e-01
1.110450387001037598e+00
2.597002936022212083e+01
2.093577055310606028e+01
5.684988498687744141e-01
3.888061344623565674e-01
2.486040760241831293e+01
1.734723937343527567e+01
4.314902722835540771e-01
1.111191630363464355e+00
2.486040768532578227e+01
1.892418275675060357e+01
4.314895570278167725e-01
6.111717820167541504e-01
2.486040752266674403e+01
1.854028939599684378e+01
9.261807799339294434e-01
1.110450387001037598e+00
2.597002936564537734e+01
1.918690655228316899e+01
9.261514544486999512e-01
1.104497686028480530e-01
2.597002873289833147e+01
2.147964607913931800e+01
7.381921261548995972e-02
-1.104432642459869385e-01
2.597002934029397636e+01
1.992160111020922031e+01
5.685147047042846680e-01
-1.111195161938667297e-01
2.486040570253718940e+01
1.945281417664530466e+01
8.868864923715591431e-02
3.848495781421661377e-01
2.072832993484838582e+01
1.933062595895285440e+01
5.835354328155517578e-01
3.856353163719177246e-01
1.912171263025613399e+01
1.629292860502145501e+01
8.866970241069793701e-02
8.848496079444885254e-01
2.072833013753388798e+01
1.315437416992122621e+01
9.113298654556274414e-01
1.151503548026084900e-01
2.072833013698432225e+01
1.520425435621496213e+01
5.835352540016174316e-01
3.856374919414520264e-01
1.912171262929139459e+01
1.633324835987925283e+01
8.865009993314743042e-02
8.848496079444885254e-01
2.072832996252788007e+01
1.882544478462301640e+01
4.164698123931884766e-01
1.143650338053703308e-01
1.912171263051231662e+01
1.785314464731043671e+01
9.113257527351379395e-01
6.151500940322875977e-01
2.072833012220213789e+01
1.761953507109268457e+01
5.835394859313964844e-01
3.856357038021087646e-01
1.912171261529332256e+01
1.487967518700212821e+01
5.835314989089965820e-01
3.856086432933807373e-01
1.912171243238893581e+01
1.626298688459757003e+01
5.835431814193725586e-01
3.856373727321624756e-01
1.912171258964175635e+01
1.632131430502937164e+01
8.866815268993377686e-02
8.848496079444885254e-01
2.072833013794246781e+01
1.918998176201094452e+01
4.164667725563049316e-01
6.143560409545898438e-01
1.912171261138774270e+01
1.475605328377609737e+01
4.164337217807769775e-01
1.143622621893882751e-01
1.912171219274090816e+01
1.632636591294809847e+01
4.164678156375885010e-01
1.143759712576866150e-01
1.912171259747979946e+01
1.658301707718736751e+01
5.835008621215820312e-01
8.856326341629028320e-01
1.912171223471701964e+01
1.832162635837408260e+01
9.113318920135498047e-01
6.151503324508666992e-01
2.072833013791819567e+01
2.052855511545539713e+01
5.835310816764831543e-01
3.859069347381591797e-01
1.912169162638474873e+01
1.761306111962177212e+01
5.835311412811279297e-01
3.855976760387420654e-01
1.912171223266028974e+01
1.532291265478113473e+01
5.835311412811279297e-01
3.856017887592315674e-01
1.912171231551275952e+01
1.387410880242398648e+01
5.788518190383911133e-01
8.860499858856201172e-01
2.165484805637522925e+01
1.854383251068503213e+01
8.314962685108184814e-02
8.846390843391418457e-01
2.244952206313620025e+01
1.607865235956908379e+01
8.270581066608428955e-02
3.846401870250701904e-01
2.244940101344991845e+01
1.839336814158755118e+01
4.210633337497711182e-01
6.139630079269409180e-01
2.165485222398383414e+01
1.621553116342195722e+01
4.210609197616577148e-01
6.139259338378906250e-01
2.165485220533737021e+01
1.963120749042112578e+01
8.314308524131774902e-02
8.846508860588073730e-01
2.244952197355026158e+01
2.021798035759170631e+01
4.210601150989532471e-01
1.139446720480918884e-01
2.165485234367550049e+01
1.697831964154024931e+01
4.210640788078308105e-01
6.139847636222839355e-01
2.165485174864394935e+01
2.069776303648143312e+01
4.210619032382965088e-01
6.139453649520874023e-01
2.165485234562300931e+01
2.057745330355469093e+01
8.314992487430572510e-02
-1.153449937701225281e-01
2.244952195052708532e+01
1.425456905650910677e+01
5.789641141891479492e-01
3.860572874546051025e-01
2.165485195406046159e+01
1.771985667326719138e+01
4.210372567176818848e-01
6.139404773712158203e-01
2.165485199026609919e+01
1.698865319437405219e+01
4.210633039474487305e-01
1.139605343341827393e-01
2.165485225519908496e+01
1.883281175744076208e+01
1.083142995834350586e+00
3.846386075019836426e-01
2.244952203661353707e+01
1.162347495790476515e+01
9.168860316276550293e-01
1.154277175664901733e-01
2.244951936116697055e+01
1.747657789168873776e+01
5.789363384246826172e-01
8.860151767730712891e-01
2.165485174711323424e+01
1.715912966716190624e+01
4.211964905261993408e-01
1.137810796499252319e-01
2.165483074299799426e+01
1.824800161930496500e+01
9.168508648872375488e-01
6.153612136840820312e-01
2.244952206298620467e+01
1.789375084312009534e+01
1.083058595657348633e+00
8.847537636756896973e-01
2.244951087946770230e+01
1.593366520331014158e+01
5.789394378662109375e-01
3.860719799995422363e-01
2.165485223386452418e+01
1.873704890030458259e+01
7.817341387271881104e-02
3.853503763675689697e-01
2.591570438201637927e+01
2.032141884912726582e+01
5.739908814430236816e-01
3.873822093009948730e-01
2.483840473781440750e+01
1.928532489437770536e+01
4.260119199752807617e-01
6.126176118850708008e-01
2.483840474622280681e+01
2.033889514976480228e+01
7.812828570604324341e-02
-1.146505996584892273e-01
2.591570607175104968e+01
1.552940973167752325e+01
4.259998798370361328e-01
1.112565994262695312e+00
2.483840357777066998e+01
2.021959753569459650e+01
5.739908814430236816e-01
8.874496221542358398e-01
2.483840291004216638e+01
2.123205621021308076e+01
1.078126549720764160e+00
3.853503167629241943e-01
2.591570607368924684e+01
1.577838738913516359e+01
4.260128140449523926e-01
6.126175522804260254e-01
2.483840474664677700e+01
2.031917799454972595e+01
9.218735098838806152e-01
6.146501302719116211e-01
2.591570607406127991e+01
2.489952233588264718e+01
4.260243475437164307e-01
6.126167774200439453e-01
2.483840465405375042e+01
2.403461666585874923e+01
7.812649011611938477e-02
3.853486478328704834e-01
2.591570607407069105e+01
2.160632925900125656e+01
5.740187764167785645e-01
3.873677849769592285e-01
2.483840396838990472e+01
2.145467351435850034e+01
7.812646776437759399e-02
3.853482604026794434e-01
2.591570607376752022e+01
1.890750436853501526e+01
4.260137081146240234e-01
6.126417517662048340e-01
2.483840451267977301e+01
1.646762387111117931e+01
5.739932656288146973e-01
3.873829841613769531e-01
2.483840472226021490e+01
1.801862938327707298e+01
5.739939212799072266e-01
8.873827457427978516e-01
2.483840471669578420e+01
2.016366264941552444e+01
7.812649756669998169e-02
8.853486776351928711e-01
2.591570607408772986e+01
2.558068234995467449e+01
4.260098636150360107e-01
1.112583160400390625e+00
2.483840426129465229e+01
1.699805164355855069e+01
4.260096848011016846e-01
6.125811338424682617e-01
2.483840420265615734e+01
2.360131076602606726e+01
9.218738675117492676e-01
6.146761178970336914e-01
2.591570575811323351e+01
1.734511275851637890e+01
5.798651576042175293e-01
8.823131322860717773e-01
2.349410547842523300e+01
1.992426904123581011e+01
8.042841404676437378e-02
3.825730979442596436e-01
2.434505119244442284e+01
1.772703369721878630e+01
9.195718765258789062e-01
1.174530088901519775e-01
2.434505099764800917e+01
1.598620405393804589e+01
4.201332628726959229e-01
1.176127195358276367e-01
2.349410319685195603e+01
1.501295756257555958e+01
1.080426216125488281e+00
3.825679123401641846e-01
2.434505120099561282e+01
1.649363429653904234e+01
4.201101362705230713e-01
1.117648005485534668e+00
2.349410444230336026e+01
1.853834369413538496e+01
9.195187687873840332e-01
1.174296513199806213e-01
2.434504913437978502e+01
1.637613402065511892e+01
5.798653364181518555e-01
8.823075890541076660e-01
2.349410547638451163e+01
1.883277850055149827e+01
1.080428838729858398e+00
8.825827836990356445e-01
2.434505110301149244e+01
1.864993799642981998e+01
7.997392117977142334e-02
8.825687170028686523e-01
2.434489806069028006e+01
2.040204489636784402e+01
9.196091294288635254e-01
1.173157691955566406e-01
2.434504379551553654e+01
1.909302142377522316e+01
4.201358258724212646e-01
1.177462935447692871e-01
2.349410420641109454e+01
1.780603064007226877e+01
9.195652008056640625e-01
1.174317523837089539e-01
2.434505117347609371e+01
1.902866476471935542e+01
8.042801916599273682e-02
3.825521469116210938e-01
2.434505108646435545e+01
1.733685886786353691e+01
9.195641279220581055e-01
6.174317598342895508e-01
2.434505116237356148e+01
1.812921566208082425e+01
5.798651576042175293e-01
8.823137283325195312e-01
2.349410547721036480e+01
1.926128928564948239e+01
8.041478693485260010e-02
8.825675845146179199e-01
2.434505106839742794e+01
2.053140977650690502e+01
8.042771369218826294e-02
8.825258016586303711e-01
2.434505037230421820e+01
1.800085801935824037e+01
8.044514060020446777e-02
-1.174256056547164917e-01
2.434505097854511746e+01
1.572617452650574066e+01
5.798651576042175293e-01
3.823195695877075195e-01
2.349410545061428124e+01
2.046901473893545287e+01
9.135549068450927734e-01
1.201936677098274231e-01
2.158298384898166233e+01
1.698397370101667292e+01
8.673858642578125000e-02
8.798635005950927734e-01
2.158303436583221924e+01
1.655917465441915937e+01
9.132614731788635254e-01
6.201927065849304199e-01
2.158303571963089951e+01
1.302922812325248003e+01
4.176306724548339844e-01
6.197152733802795410e-01
2.107754471570296317e+01
1.602716937568747824e+01
4.176102578639984131e-01
1.197149530053138733e-01
2.107754402153648243e+01
1.556118606542469962e+01
8.673833310604095459e-02
8.797940015792846680e-01
2.158303564523165718e+01
1.258680861438094034e+01
4.176458716392517090e-01
1.119663357734680176e+00
2.107754383822054223e+01
1.360819873751732345e+01
9.132465124130249023e-01
1.201928183436393738e-01
2.158303558063446204e+01
1.630525315331093239e+01
4.176472127437591553e-01
6.196890473365783691e-01
2.107754462174783683e+01
1.579104957972348089e+01
9.131369590759277344e-01
1.202734410762786865e-01
2.158302358559774348e+01
1.828317838202860557e+01
9.132616519927978516e-01
6.202074289321899414e-01
2.158303562822520405e+01
1.920226785790467972e+01
9.131889939308166504e-01
1.204276829957962036e-01
2.158300899357842439e+01
1.684293979611657477e+01
5.823530554771423340e-01
8.802844882011413574e-01
2.107754489340227622e+01
1.551275796172853916e+01
4.176443815231323242e-01
1.197154819965362549e-01
2.107754488752374655e+01
1.367448054534776603e+01
9.132616519927978516e-01
6.201882958412170410e-01
2.158303571100933738e+01
1.711167902381163231e+01
8.680807054042816162e-02
3.798954486846923828e-01
2.158302945280361484e+01
1.885894714768355840e+01
9.132519960403442383e-01
1.201921403408050537e-01
2.158303566269824358e+01
1.602676355268449626e+01
5.823524594306945801e-01
3.802835941314697266e-01
2.107754489329971648e+01
1.794675076491868992e+01
8.673433214426040649e-02
3.798105716705322266e-01
2.158303570536641303e+01
1.983918297873820791e+01
5.823524594306945801e-01
8.802735805511474609e-01
2.107754484783036020e+01
1.425028511202544834e+01
4.229554831981658936e-01
1.167180091142654419e-01
2.592065735089504130e+01
2.209663622441381392e+01
7.434101402759552002e-02
3.891686499118804932e-01
2.679010235141085516e+01
2.477881377566171039e+01
4.229526221752166748e-01
1.167180538177490234e-01
2.592065734513257169e+01
2.044995736416320398e+01
9.256504178047180176e-01
1.108306273818016052e-01
2.679010229086469508e+01
2.089712230631957368e+01
9.256584644317626953e-01
6.108208894729614258e-01
2.679010229598827664e+01
2.222741739269291728e+01
7.434156537055969238e-02
3.891687095165252686e-01
2.679010235110417071e+01
2.144278648424032241e+01
5.770433545112609863e-01
8.832266926765441895e-01
2.592065616526583227e+01
1.992426963863120548e+01
7.433970272541046143e-02
8.891475796699523926e-01
2.679010212680851311e+01
2.394194311923918406e+01
4.229554533958435059e-01
1.167164519429206848e-01
2.592065734980955583e+01
2.110251516698484409e+01
5.770444869995117188e-01
8.832846283912658691e-01
2.592065734795125920e+01
2.247826006737037474e+01
9.256625771522521973e-01
1.108258292078971863e-01
2.679010232438263373e+01
2.657706582196560774e+01
5.770444869995117188e-01
3.832780718803405762e-01
2.592065734526620346e+01
2.463345331352138956e+01
4.229527711868286133e-01
1.167179420590400696e-01
2.592065734569956348e+01
1.906636690057013439e+01
9.256409406661987305e-01
1.110828042030334473e+00
2.679010208298428353e+01
1.766399666897767418e+01
4.229554533958435059e-01
6.167492866516113281e-01
2.592065697261026003e+01
2.020268115853503588e+01
5.770298242568969727e-01
3.832808136940002441e-01
2.592065720716776767e+01
2.161379859120123115e+01
7.434166222810745239e-02
-1.108177378773689270e-01
2.679010225758935348e+01
1.958323560797180463e+01
5.770442485809326172e-01
3.832713365554809570e-01
2.592065730766374543e+01
2.487270064034160555e+01
9.256644248962402344e-01
1.108306497335433960e-01
2.679010232737397246e+01
2.639027235178138753e+01
5.770444869995117188e-01
3.832820057868957520e-01
2.592065735089578737e+01
1.804691148901749287e+01
4.203587770462036133e-01
6.176357865333557129e-01
2.281538599918726007e+01
1.357572625977790182e+01
5.796493887901306152e-01
3.823675215244293213e-01
2.281538596472974234e+01
1.930784375029629274e+01
5.796598792076110840e-01
3.823686540126800537e-01
2.281538579712941228e+01
1.722732047923030052e+01
4.203585088253021240e-01
1.176313236355781555e-01
2.281538600213860946e+01
1.839585244053275304e+01
9.175922870635986328e-01
6.170915961265563965e-01
2.379925861602865567e+01
1.946010774494475370e+01
4.203683733940124512e-01
1.176433190703392029e-01
2.281538590326666949e+01
2.225752675586254625e+01
4.203588664531707764e-01
1.176604703068733215e-01
2.281538571294658624e+01
1.667091454509933257e+01
5.796211957931518555e-01
3.823671340942382812e-01
2.281538575481494391e+01
1.482112352953505408e+01
1.082401514053344727e+00
3.829044699668884277e-01
2.379925862328248343e+01
1.582538217909480771e+01
5.796408653259277344e-01
8.823301792144775391e-01
2.281538548502211938e+01
1.870525804102535972e+01
4.203579425811767578e-01
6.176329255104064941e-01
2.281538600258322447e+01
1.706280500266292677e+01
8.240935206413269043e-02
3.829175531864166260e-01
2.379925845677987084e+01
1.638546728635195748e+01
1.082347631454467773e+00
8.828918933868408203e-01
2.379925611606247315e+01
1.569041632239815520e+01
9.175869822502136230e-01
6.171057820320129395e-01
2.379925870097332918e+01
1.806896482070928300e+01
5.796444416046142578e-01
8.823662400245666504e-01
2.281538599694285807e+01
1.854178478392147156e+01
1.082402229309082031e+00
8.828939199447631836e-01
2.379925868166137093e+01
1.413088296036478120e+01
5.796414017677307129e-01
8.824080228805541992e-01
2.281538538077809619e+01
1.919280037625996371e+01
5.796322226524353027e-01
3.823671042919158936e-01
2.281538595135886993e+01
1.668156897014089424e+01
8.241119235754013062e-02
3.829578161239624023e-01
2.379925682499196427e+01
1.715951920183934121e+01
4.203583300113677979e-01
6.176325082778930664e-01
2.281538600279063189e+01
1.872616024014833869e+01
4.276422262191772461e-01
6.120227575302124023e-01
2.619423329720376969e+01
2.130361447232626659e+01
1.075629591941833496e+00
3.879497051239013672e-01
2.684964561806549099e+01
1.535449977612270089e+01
5.723577141761779785e-01
3.879775702953338623e-01
2.619423329726598126e+01
2.405144166857581922e+01
7.564037293195724487e-02
3.879434466361999512e-01
2.684964568866255519e+01
2.447150875789274593e+01
4.276418983936309814e-01
1.112012982368469238e+00
2.619423325837423988e+01
1.940604981670650986e+01
9.243505001068115234e-01
1.120493039488792419e-01
2.684964564875366477e+01
2.220571360898227908e+01
5.723580121994018555e-01
-1.120223179459571838e-01
2.619423329723518634e+01
2.025863676084005505e+01
9.243599772453308105e-01
6.120498776435852051e-01
2.684964571252658061e+01
2.614277212075948498e+01
4.276417791843414307e-01
6.120222806930541992e-01
2.619423329712880744e+01
2.130099660857535326e+01
4.276417195796966553e-01
1.112005233764648438e+00
2.619423316757864484e+01
1.969814722460997913e+01
9.243453741073608398e-01
1.120491847395896912e-01
2.684964555491369254e+01
2.164875751950234317e+01
5.728697180747985840e-01
3.878695666790008545e-01
2.619402128495171311e+01
2.268469158934640362e+01
7.560934871435165405e-02
3.879488408565521240e-01
2.684964494227517662e+01
2.203486000562470082e+01
7.566399127244949341e-02
3.879489004611968994e-01
2.684964527378975774e+01
2.553301196611958801e+01
9.243586659431457520e-01
6.120495796203613281e-01
2.684964571221325613e+01
2.222088247008408857e+01
7.564070820808410645e-02
3.879593014717102051e-01
2.684964567245901890e+01
1.651863601975624363e+01
7.567158341407775879e-02
8.879513144493103027e-01
2.684964494766165544e+01
1.616036102762606674e+01
5.723522305488586426e-01
8.879290819168090820e-01
2.619423223998452954e+01
2.515913598801807183e+01
-7.564070075750350952e-02
1.120421588420867920e-01
2.684964568454126521e+01
1.846179390753870564e+01
4.276453554630279541e-01
1.121371462941169739e-01
2.619422747327527645e+01
2.151697447406360197e+01
7.810994982719421387e-02
8.853121399879455566e-01
2.591250080948116974e+01
2.395013113603369348e+01
5.745663642883300781e-01
8.856910467147827148e-01
2.493378368260810518e+01
2.451894047515413178e+01
9.219329953193664551e-01
6.146053075790405273e-01
2.591250293018017459e+01
1.933905464416406161e+01
-7.807694375514984131e-02
6.146051883697509766e-01
2.591250348294772721e+01
1.700930904326529003e+01
7.808657735586166382e-02
8.853964805603027344e-01
2.591250387335979966e+01
2.560728376346985158e+01
9.218735694885253906e-01
6.146089434623718262e-01
2.591250396996755967e+01
1.994105403027237600e+01
4.254367053508758545e-01
1.143055111169815063e-01
2.493378369654286786e+01
2.484004882856509511e+01
5.745618939399719238e-01
8.860274553298950195e-01
2.493373889491572015e+01
1.893517327255855065e+01
4.254370033740997314e-01
1.143020316958427429e-01
2.493378369205121459e+01
2.087256685761451891e+01
9.218915104866027832e-01
6.145954728126525879e-01
2.591250419505977831e+01
2.295684323913790337e+01
5.745618939399719238e-01
8.856705427169799805e-01
2.493378346316716332e+01
2.241278820447493558e+01
5.745631456375122070e-01
3.856946229934692383e-01
2.493378369662789851e+01
1.674887076129787999e+01
-7.806931436061859131e-02
1.146060004830360413e-01
2.591250307181221757e+01
1.798683473101838359e+01
5.745618343353271484e-01
3.856602907180786133e-01
2.493378322169861860e+01
2.296570811203346096e+01
9.218791723251342773e-01
1.146038994193077087e-01
2.591250411345216875e+01
2.090751250650746940e+01
9.220170378684997559e-01
6.145409345626831055e-01
2.591249006467732485e+01
2.202962609694057505e+01
4.254375696182250977e-01
6.143181920051574707e-01
2.493378363079597548e+01
1.584459977914924877e+01
4.254351556301116943e-01
1.142486035823822021e-01
2.493378239211864411e+01
2.115071564424243533e+01
4.254387021064758301e-01
1.143383681774139404e-01
2.493378325766423487e+01
2.036625173867509986e+01
7.812317460775375366e-02
3.853821754455566406e-01
2.591250397215280543e+01
2.072075167542878305e+01
