8.365982025861740112e-02
8.802193403244018555e-01
2.143043748505982293e+01
1.784100389119478436e+01
6.253615617752075195e-01
6.198580265045166016e-01
1.905106959811894285e+01
1.684085802542778865e+01
8.363479375839233398e-02
8.802188038825988770e-01
2.143043788002053063e+01
1.681223583435569680e+01
9.163651466369628906e-01
6.197832822799682617e-01
2.143043787802659494e+01
1.483607542630478449e+01
3.746289908885955811e-01
8.801575303077697754e-01
1.905106973640924295e+01
1.613723744326048859e+01
9.163405299186706543e-01
6.197805404663085938e-01
2.143043749603177162e+01
1.933691468826610915e+01
6.253880262374877930e-01
6.198441982269287109e-01
1.905106979502213704e+01
1.818686676580280448e+01
6.253247261047363281e-01
6.198352575302124023e-01
1.905106898187524678e+01
1.716422229954782352e+01
8.363479375839233398e-02
3.802188932895660400e-01
2.143043788002493244e+01
2.086452558443955851e+01
6.253882050514221191e-01
6.198459267616271973e-01
1.905106979441327653e+01
1.526420524794971278e+01
9.163652658462524414e-01
6.205388307571411133e-01
2.143019868782112169e+01
1.771544160880382179e+01
9.163651466369628906e-01
6.197810173034667969e-01
2.143043788002346872e+01
1.738442263777127650e+01
8.363447338342666626e-02
3.801846802234649658e-01
2.143043739200700060e+01
1.584751190939442367e+01
6.253922581672668457e-01
6.198816299438476562e-01
1.905106949600724775e+01
1.604973265380655789e+01
8.363520354032516479e-02
8.802189230918884277e-01
2.143043787993939020e+01
1.814943084512471927e+01
3.746114373207092285e-01
3.801537454128265381e-01
1.905106979412884627e+01
1.575755836642439078e+01
3.746147751808166504e-01
3.801560401916503906e-01
1.905106979342780704e+01
1.440446291655105071e+01
6.253631711006164551e-01
6.198410391807556152e-01
1.905106966979862193e+01
1.803003621270424617e+01
-8.363522589206695557e-02
1.197407469153404236e-01
2.143043720198993185e+01
1.165331291042085837e+01
9.163656234741210938e-01
6.198157072067260742e-01
2.143043738088029926e+01
1.109477494059067837e+01
8.370180428028106689e-02
3.851853609085083008e-01
2.251588136479752222e+01
1.868564082580100916e+01
4.114131331443786621e-01
3.833129107952117920e-01
2.056489814396941895e+01
1.759005276153647657e+01
5.885725617408752441e-01
6.166895627975463867e-01
2.056489822409990964e+01
1.714029545508176611e+01
4.113995730876922607e-01
8.833132982254028320e-01
2.056489792130632566e+01
1.799937791650613050e+01
4.114244580268859863e-01
3.833431601524353027e-01
2.056489793508161767e+01
1.528631554859772734e+01
8.370195329189300537e-02
8.852115273475646973e-01
2.251588142811662863e+01
1.777372606880395622e+01
5.885725617408752441e-01
6.166895031929016113e-01
2.056489822409920976e+01
1.787735939719838996e+01
8.371581137180328369e-02
8.852029442787170410e-01
2.251588134898986837e+01
1.699882814789755869e+01
4.114283025264739990e-01
3.832933604717254639e-01
2.056489814545523487e+01
1.629913278922346365e+01
9.162986278533935547e-01
1.148058101534843445e-01
2.251588145578573119e+01
1.907240067124722316e+01
9.162983298301696777e-01
1.148162856698036194e-01
2.251588134012680342e+01
1.786454605897062109e+01
5.885725617408752441e-01
6.166894435882568359e-01
2.056489822409659141e+01
1.843739830932168644e+01
8.370255678892135620e-02
3.852026164531707764e-01
2.251588147583864341e+01
1.813902470395002808e+01
-8.367954194545745850e-02
1.148011758923530579e-01
2.251588117095482744e+01
1.360790558910888848e+01
9.162979125976562500e-01
6.147988438606262207e-01
2.251588147727538569e+01
1.721401857323478524e+01
9.162983894348144531e-01
1.147975325584411621e-01
2.251588147659595407e+01
1.879525867793552152e+01
8.370062708854675293e-02
8.851726055145263672e-01
2.251588110913548491e+01
1.980084837509409823e+01
9.163133502006530762e-01
1.147999316453933716e-01
2.251588133716847651e+01
2.109619013713733793e+01
9.162544012069702148e-01
6.147962808609008789e-01
2.251588025671491167e+01
1.649629957868445729e+01
5.885982513427734375e-01
6.166858077049255371e-01
2.056489796591176145e+01
1.602540878728197171e+01
4.144630134105682373e-01
3.743237853050231934e-01
1.858606967921618036e+01
1.408501290107912496e+01
9.113709926605224609e-01
1.119477510452270508e+00
2.039199145605089569e+01
1.523473661879651253e+01
5.855383872985839844e-01
6.257658600807189941e-01
1.858606939354765686e+01
1.445096905503119089e+01
9.113838076591491699e-01
1.194898262619972229e-01
2.039199142680370258e+01
1.579065737428463123e+01
9.113711118698120117e-01
1.195065379142761230e-01
2.039199140195607995e+01
1.490139179689780846e+01
9.113709330558776855e-01
1.119459509849548340e+00
2.039199113831443455e+01
1.033488734457274205e+01
4.145176410675048828e-01
-1.257140636444091797e-01
1.858606876043128864e+01
1.437190328485280943e+01
9.113540053367614746e-01
1.194900423288345337e-01
2.039199135265653950e+01
2.025116987777127520e+01
9.113706946372985840e-01
1.194897741079330444e-01
2.039199151841755864e+01
1.671998911324534021e+01
5.855385661125183105e-01
6.257473826408386230e-01
1.858606976984426140e+01
1.580311310509686074e+01
4.144854843616485596e-01
3.742872178554534912e-01
1.858606980838453993e+01
1.247349412851709438e+01
9.113745689392089844e-01
6.194897890090942383e-01
2.039199151166867452e+01
1.828629716037579200e+01
9.113646745681762695e-01
6.194897890090942383e-01
2.039199149509385833e+01
1.929428966404761425e+01
5.855380892753601074e-01
1.257438957691192627e-01
1.858606982247694361e+01
1.563346219581855578e+01
4.144620299339294434e-01
8.742685317993164062e-01
1.858606996196992611e+01
1.735063558295064112e+01
5.855383872985839844e-01
6.257385015487670898e-01
1.858606989211816440e+01
1.729153322248800961e+01
8.862875401973724365e-02
3.809752762317657471e-01
2.039190177121052017e+01
1.698862088233260081e+01
4.145053029060363770e-01
8.743067383766174316e-01
1.858606916425254241e+01
1.671193525591944251e+01
4.144614636898040771e-01
3.742484152317047119e-01
1.858606969875793880e+01
1.580269749434538973e+01
4.144617617130279541e-01
3.742469251155853271e-01
1.858606967155687428e+01
1.357619199188042103e+01
4.043112099170684814e-01
3.778931796550750732e-01
1.611971873566747249e+01
1.076144222791570826e+01
9.056427478790283203e-01
1.233864948153495789e-01
1.816629509233831996e+01
1.185951812028715224e+01
9.056462645530700684e-01
6.233488917350769043e-01
1.816629580589917836e+01
1.217187973647046206e+01
4.043114185333251953e-01
-1.220541819930076599e-01
1.611971834738525189e+01
1.235214209022860743e+01
9.435365349054336548e-02
-1.233406290411949158e-01
1.816629581879887567e+01
1.245714103489074986e+01
9.056276679039001465e-01
6.233426928520202637e-01
1.816629565823261672e+01
1.572899061294444856e+01
9.056461453437805176e-01
6.233212351799011230e-01
1.816629564723147183e+01
1.266804837641919690e+01
4.043114185333251953e-01
-1.220524981617927551e-01
1.611971831532888899e+01
1.156686539540590708e+01
9.056353569030761719e-01
6.233313679695129395e-01
1.816629571601825788e+01
1.160944641651212450e+01
9.056462645530700684e-01
1.233905181288719177e-01
1.816629495952086870e+01
1.490245474415397453e+01
9.056447744369506836e-01
6.233426332473754883e-01
1.816629581925120007e+01
1.427581744425729937e+01
9.436112642288208008e-02
3.766346871852874756e-01
1.816629560191909931e+01
1.081486654130436875e+01
9.056463837623596191e-01
1.123334646224975586e+00
1.816629579606785683e+01
8.997510175753781425e+00
9.435363858938217163e-02
8.766706585884094238e-01
1.816629575338343017e+01
1.703078377378511021e+01
9.056458473205566406e-01
1.233946382999420166e-01
1.816629480472728986e+01
1.211733542856389789e+01
4.043112099170684814e-01
8.778893947601318359e-01
1.611971871774237641e+01
1.383583083196227292e+01
9.435107558965682983e-02
3.766387701034545898e-01
1.816629568786792248e+01
1.697232545025845951e+01
9.435363858938217163e-02
3.766727745532989502e-01
1.816629573044912149e+01
1.386834158054828414e+01
9.435365349054336548e-02
8.766581416130065918e-01
1.816629582013336375e+01
1.404068880862168456e+01
9.435372799634933472e-02
8.765890598297119141e-01
1.816629406749032682e+01
1.319529028105976742e+01
6.015723943710327148e-01
1.216128692030906677e-01
1.663843402357684909e+01
1.476690701833368458e+01
9.066647291183471680e-01
6.215329766273498535e-01
1.874698519899968829e+01
1.635119005199129205e+01
9.334322065114974976e-02
8.784032464027404785e-01
1.874698396954806867e+01
1.263262581440689658e+01
6.015182733535766602e-01
1.215563639998435974e-01
1.663843392489756567e+01
1.127854850588988711e+01
9.066647291183471680e-01
1.215409487485885620e-01
1.874698522394099598e+01
1.714362542902267705e+01
9.333635866641998291e-02
-1.214834451675415039e-01
1.874698392777122180e+01
9.834904825611964441e+00
6.015527248382568359e-01
1.215668246150016785e-01
1.663843454633565955e+01
1.644118590668730917e+01
9.338179230690002441e-02
8.784230947494506836e-01
1.874698363307535587e+01
1.449301737511762944e+01
3.984259366989135742e-01
-1.215458810329437256e-01
1.663843463108512921e+01
1.312531135114869940e+01
9.333380311727523804e-02
8.784528970718383789e-01
1.874698520817526415e+01
1.787850847532857657e+01
9.333486855030059814e-02
8.784224390983581543e-01
1.874698469891239583e+01
1.175837293314035037e+01
9.066637158393859863e-01
6.215185523033142090e-01
1.874698502688585577e+01
1.003294620652505209e+01
9.334260225296020508e-02
3.784757852554321289e-01
1.874698508800630847e+01
1.276131475617387601e+01
3.984263241291046143e-01
8.784144520759582520e-01
1.663843450721387285e+01
1.560482013563661496e+01
6.015740633010864258e-01
6.216107606887817383e-01
1.663843407212673497e+01
1.543133196333800861e+01
9.333523362874984741e-02
3.784583806991577148e-01
1.874698522376891674e+01
1.521724169984348052e+01
3.984253704547882080e-01
3.784766793251037598e-01
1.663843439594720763e+01
1.491155526770569040e+01
6.015748381614685059e-01
1.121531724929809570e+00
1.663843450936449742e+01
1.151057943146467366e+01
6.009066700935363770e-01
1.121541261672973633e+00
1.663832743900540123e+01
1.343458081974675977e+01
3.984277844429016113e-01
8.783842325210571289e-01
1.663843395318213325e+01
1.356481312840812947e+01
8.512727916240692139e-02
8.825753331184387207e-01
2.275055665277850636e+01
1.508802422085469175e+01
5.908737182617187500e-01
1.263426244258880615e-01
2.088929480270382655e+01
1.750744083000031637e+01
4.091253876686096191e-01
-1.262794435024261475e-01
2.088929367875774190e+01
1.724306999760359460e+01
4.091106653213500977e-01
-1.263420283794403076e-01
2.088929470671231314e+01
1.725971927947169249e+01
-8.512721210718154907e-02
6.174243688583374023e-01
2.275055665279001005e+01
1.667607186659813578e+01
8.514881879091262817e-02
3.825540542602539062e-01
2.275055612186964282e+01
1.797833093192569365e+01
4.091514945030212402e-01
8.736460804939270020e-01
2.088929448745650319e+01
1.445404077369446583e+01
4.091254174709320068e-01
8.736746907234191895e-01
2.088929470388326592e+01
1.992034199934870387e+01
5.908843278884887695e-01
6.263447999954223633e-01
2.088929476245735373e+01
1.844820581031228812e+01
9.148725867271423340e-01
1.117424130439758301e+00
2.275055665273684014e+01
1.703849405189386346e+01
9.148727655410766602e-01
6.174265742301940918e-01
2.275055665075499078e+01
1.784528318439885908e+01
5.908814072608947754e-01
1.263448148965835571e-01
2.088929478368032377e+01
1.795743567828029086e+01
8.512720465660095215e-02
3.825710713863372803e-01
2.275055664366242070e+01
1.585177118021161924e+01
8.513057976961135864e-02
-1.174241900444030762e-01
2.275055664550602685e+01
1.707454976987733630e+01
9.148712754249572754e-01
1.117415547370910645e+00
2.275055661524431017e+01
1.303254118460879596e+01
4.091164171695709229e-01
8.736550807952880859e-01
2.088929476857618539e+01
2.056025003984312605e+01
1.085121393203735352e+00
3.826040625572204590e-01
2.275055625356868561e+01
1.721698398870797320e+01
4.090998768806457520e-01
8.736552000045776367e-01
2.088929451885067579e+01
1.688777139811473305e+01
5.908911824226379395e-01
1.263448148965835571e-01
2.088929468344807816e+01
1.765866164478851985e+01
8.512721210718154907e-02
3.825581371784210205e-01
2.275055651411416946e+01
1.462458486578154293e+01
4.137860834598541260e-01
3.747766315937042236e-01
2.071913317181867598e+01
1.519990811776322559e+01
5.862143039703369141e-01
6.252105832099914551e-01
2.071913320938899972e+01
1.536634683137280533e+01
5.861871838569641113e-01
1.252131015062332153e-01
2.071913287603379672e+01
1.816212206599308843e+01
8.303168416023254395e-02
8.816144466400146484e-01
2.258999097531485845e+01
1.852897131081565973e+01
8.303934335708618164e-02
8.815129995346069336e-01
2.258998729442760478e+01
2.032932123688856763e+01
8.303168416023254395e-02
8.816196322441101074e-01
2.258999091920354374e+01
1.885677373420600844e+01
8.299864828586578369e-02
8.816047310829162598e-01
2.258999029349940457e+01
1.921778265053533374e+01
5.862152576446533203e-01
1.125196814537048340e+00
2.071913315694124691e+01
1.515012385038891729e+01
5.862092971801757812e-01
1.252273023128509521e-01
2.071913313356255060e+01
2.030905252413222684e+01
9.169495105743408203e-01
6.183952689170837402e-01
2.258999078310500153e+01
1.536208662430004424e+01
4.137827455997467041e-01
3.748094737529754639e-01
2.071913309821680116e+01
1.524029860815523385e+01
9.169682860374450684e-01
6.183985471725463867e-01
2.258999101239962215e+01
1.716067554589607980e+01
9.169846773147583008e-01
1.184313967823982239e-01
2.258999026815548916e+01
2.138046299472614109e+01
9.169561862945556641e-01
6.183960437774658203e-01
2.258999091953015892e+01
1.731422612342917233e+01
8.305332064628601074e-02
-1.183953806757926941e-01
2.258999070732585679e+01
1.643927470309201766e+01
4.137534201145172119e-01
8.747910261154174805e-01
2.071913273476672401e+01
1.914972186721112024e+01
9.169656038284301758e-01
1.118395328521728516e+00
2.258999101217449024e+01
1.651541710870943547e+01
8.303183317184448242e-02
-1.183513030409812927e-01
2.258999016845234564e+01
1.301225844861151870e+01
8.307310938835144043e-02
3.813089132308959961e-01
2.258995155406202571e+01
1.854485971355601848e+01
8.303168416023254395e-02
-1.183889433741569519e-01
2.258999099925716791e+01
1.605721552431681687e+01
4.104984700679779053e-01
8.757887482643127441e-01
2.070207261564847201e+01
1.638300982839887254e+01
9.160695075988769531e-01
1.176134496927261353e-01
2.267683735978691573e+01
1.732375659944605673e+01
4.104980230331420898e-01
3.757879137992858887e-01
2.070207261574069335e+01
1.796000419657334035e+01
5.895017385482788086e-01
1.242281794548034668e-01
2.070207254933061591e+01
1.883173026992838928e+01
5.895007252693176270e-01
1.124169230461120605e+00
2.070207214776863225e+01
1.589310377112355965e+01
4.105471074581146240e-01
3.757743835449218750e-01
2.070207160573978200e+01
1.823419528206928675e+01
9.160606861114501953e-01
1.175491958856582642e-01
2.267683915266452033e+01
1.732785741938451807e+01
5.894998311996459961e-01
1.241409778594970703e-01
2.070207132598195443e+01
2.028084205115968786e+01
8.393630385398864746e-02
8.825364708900451660e-01
2.267683583462818575e+01
1.881901702106258512e+01
9.160624742507934570e-01
6.175493597984313965e-01
2.267683916863269644e+01
1.725788758447237115e+01
8.393462747335433960e-02
-1.175495386123657227e-01
2.267683918529851539e+01
1.748057367162677522e+01
8.394220471382141113e-02
3.824507296085357666e-01
2.267683911780108019e+01
1.783012979732732717e+01
5.895017385482788086e-01
1.242176368832588196e-01
2.070207260781486625e+01
1.490890954774104671e+01
9.160681366920471191e-01
6.175494790077209473e-01
2.267683919057725817e+01
2.145449253322680860e+01
9.160681366920471191e-01
6.175485253334045410e-01
2.267683918995935244e+01
1.436623846546112304e+01
9.160681962966918945e-01
6.175561547279357910e-01
2.267683917194531062e+01
1.519970960391959380e+01
9.160681962966918945e-01
1.175554990768432617e-01
2.267683917555498141e+01
1.439765005497796224e+01
9.160677790641784668e-01
6.175335049629211426e-01
2.267683907204700944e+01
1.705168266939393007e+01
8.334778994321823120e-02
3.824299275875091553e-01
2.267660807839642700e+01
1.851130017845023445e+01
5.895017385482788086e-01
6.242256760597229004e-01
2.070207256835709941e+01
1.495663228231248354e+01
8.259277790784835815e-02
3.841654360294342041e-01
2.186703929756095022e+01
2.070156844801031326e+01
4.204120635986328125e-01
8.762612938880920410e-01
1.911112810759460956e+01
1.899576332267268697e+01
8.258205652236938477e-02
-1.157634183764457703e-01
2.186704164574746656e+01
1.505009403626189268e+01
8.257613331079483032e-02
3.842347562313079834e-01
2.186704168555736061e+01
1.614490929815688602e+01
4.204667806625366211e-01
3.762973546981811523e-01
1.911112889133212889e+01
1.713366014590391018e+01
5.795329213142395020e-01
6.237202286720275879e-01
1.911112905022496022e+01
1.910906738562276530e+01
5.795329809188842773e-01
6.237800717353820801e-01
1.911112880629508481e+01
1.619395306988380057e+01
5.795609951019287109e-01
1.237371861934661865e-01
1.911112884650323096e+01
1.810958067360735058e+01
9.173659682273864746e-01
6.157568097114562988e-01
2.186703937704251643e+01
1.525442263530147535e+01
9.174286723136901855e-01
6.156967878341674805e-01
2.186703967016076788e+01
1.756530540243309346e+01
-8.255416899919509888e-02
6.157656311988830566e-01
2.186704144335769939e+01
1.423722216171082167e+01
8.258727192878723145e-02
3.842362761497497559e-01
2.186704157444756547e+01
1.761804669375695553e+01
4.204667806625366211e-01
3.763033151626586914e-01
1.911112881369629690e+01
1.614142532807489872e+01
1.082541465759277344e+00
8.842337727546691895e-01
2.186704102361252922e+01
1.566281636640855446e+01
8.257248997688293457e-02
3.841970562934875488e-01
2.186704105648438201e+01
1.454770857045088128e+01
4.204551577568054199e-01
8.762619495391845703e-01
1.911112905882014346e+01
1.757012644688013836e+01
8.257303386926651001e-02
3.842097818851470947e-01
2.186704140796369700e+01
1.792466474618834482e+01
-8.255167305469512939e-02
6.157662868499755859e-01
2.186704137690256289e+01
1.119396517246282841e+01
1.082571506500244141e+00
3.842350840568542480e-01
2.186704168556473604e+01
1.554005911244517080e+01
8.257546275854110718e-02
3.842833042144775391e-01
2.186704068552220193e+01
1.587895174203243087e+01
6.255514621734619141e-01
1.319271773099899292e-01
2.046522666321706296e+01
2.011995412191694754e+01
3.744858205318450928e-01
8.679937124252319336e-01
2.046522601337137104e+01
1.793219094521012025e+01
7.905329763889312744e-02
8.903355002403259277e-01
2.313674359324065222e+01
1.996187767129152846e+01
3.744654953479766846e-01
-1.318715810775756836e-01
2.046522620362723899e+01
1.787300433869532057e+01
1.079005599021911621e+00
8.903369307518005371e-01
2.313674415920533178e+01
1.285235788485849717e+01
9.209638833999633789e-01
6.096573472023010254e-01
2.313674409912078289e+01
1.762392078034064014e+01
6.255223155021667480e-01
1.315890699625015259e-01
2.046520970366943359e+01
1.901717804713006643e+01
-7.901243865489959717e-02
1.096625626087188721e-01
2.313674424388941375e+01
1.514516047721043890e+01
6.254980564117431641e-01
1.312865912914276123e-01
2.046516609074715021e+01
1.870972068203873206e+01
7.904598861932754517e-02
8.903385400772094727e-01
2.313674385729986582e+01
1.925180285380929135e+01
9.209796786308288574e-01
6.096343994140625000e-01
2.313674391767529670e+01
1.332972539294870629e+01
7.902029156684875488e-02
-1.096304208040237427e-01
2.313674380961871435e+01
1.505803145969719381e+01
9.209811687469482422e-01
6.096918582916259766e-01
2.313674388074415234e+01
1.887904504959679031e+01
3.744804859161376953e-01
3.680188059806823730e-01
2.046522643584872725e+01
1.818174614687487889e+01
9.209731221199035645e-01
6.096708774566650391e-01
2.313674420726954395e+01
1.724063479203543636e+01
9.209527373313903809e-01
6.096636056900024414e-01
2.313674381515366818e+01
1.968705792612795591e+01
7.900322973728179932e-02
3.903745710849761963e-01
2.313674348716967089e+01
1.997911490547632241e+01
9.209682941436767578e-01
1.096620336174964905e-01
2.313674418468031391e+01
2.020046802213855841e+01
3.744643628597259521e-01
8.680585026741027832e-01
2.046522672840070101e+01
2.043674611648625827e+01
9.209740161895751953e-01
6.096578836441040039e-01
2.313674423930631718e+01
2.047088882711827296e+01
9.168073534965515137e-01
6.165072917938232422e-01
2.322796978284895175e+01
2.284720171864942984e+01
4.177871048450469971e-01
3.813525736331939697e-01
2.009843611782007144e+01
1.881830929879395953e+01
5.822134017944335938e-01
1.186470389366149902e-01
2.009843611792949858e+01
1.980051697499252938e+01
8.318296819925308228e-02
3.835105299949645996e-01
2.322796988062566470e+01
1.816323393231852279e+01
4.177886843681335449e-01
3.813123106956481934e-01
2.009843582086685032e+01
1.878341856543692501e+01
4.177850782871246338e-01
-1.186029762029647827e-01
2.009843576866148851e+01
1.787866183342567084e+01
4.177845716476440430e-01
8.813412785530090332e-01
2.009843609181224267e+01
2.000925006564709108e+01
9.168094992637634277e-01
6.165292859077453613e-01
2.322796919910203428e+01
1.446672023486955538e+01
5.822134017944335938e-01
6.186477541923522949e-01
2.009843611784183537e+01
1.692330434434988717e+01
9.168083071708679199e-01
6.164894700050354004e-01
2.322796993065278670e+01
2.235779589415122359e+01
9.168074727058410645e-01
6.164894104003906250e-01
2.322796992995868237e+01
2.055656423391299015e+01
9.168087244033813477e-01
1.163673624396324158e-01
2.322796303750631708e+01
1.807810537387580041e+01
9.168072938919067383e-01
6.164817214012145996e-01
2.322796990202225942e+01
1.776783281111769597e+01
9.168083071708679199e-01
1.164921447634696960e-01
2.322796992738426169e+01
1.688324357834468614e+01
5.822384953498840332e-01
1.185867711901664734e-01
2.009843530314653037e+01
1.843706394272242832e+01
5.822134017944335938e-01
6.186466813087463379e-01
2.009843611790424944e+01
1.793884298759726903e+01
9.167980551719665527e-01
1.116488933563232422e+00
2.322796985583801543e+01
1.542077393603584490e+01
9.168052673339843750e-01
1.164893805980682373e-01
2.322796992352709466e+01
1.832201819574423851e+01
4.177836775779724121e-01
3.813967704772949219e-01
2.009843577195315234e+01
1.802624732205120495e+01
8.319191634654998779e-02
-1.164859235286712646e-01
2.322796992471810995e+01
1.278231073073777679e+01
9.140661358833312988e-01
1.172072216868400574e-01
2.073933538529090725e+01
2.058910616975257923e+01
9.140638113021850586e-01
1.117164254188537598e+00
2.073933448441369976e+01
1.161034486282322042e+01
9.140399098396301270e-01
6.172107458114624023e-01
2.073933502238551796e+01
1.891975112306618811e+01
3.737407624721527100e-01
3.832685351371765137e-01
1.764569682340697554e+01
1.567758770760375953e+01
-8.593377470970153809e-02
6.172109842300415039e-01
2.073933539112702107e+01
1.060215093953991428e+01
9.140660166740417480e-01
6.172314882278442383e-01
2.073933521687380122e+01
1.137709676970549211e+01
8.593425154685974121e-02
8.827902674674987793e-01
2.073933539060519138e+01
1.896787996757254646e+01
8.593423664569854736e-02
8.827887177467346191e-01
2.073933539121579628e+01
1.527862717077186971e+01
8.593441545963287354e-02
3.827890157699584961e-01
2.073933539123847680e+01
1.613300584698952278e+01
8.593704551458358765e-02
8.827890157699584961e-01
2.073933538694184975e+01
1.743044024847078788e+01
3.737482726573944092e-01
3.832241892814636230e-01
1.764569697314595231e+01
1.573379585806987357e+01
8.593446016311645508e-02
3.827906250953674316e-01
2.073933539016054084e+01
1.510397810411598840e+01
6.261909604072570801e-01
6.167920827865600586e-01
1.764569626646886036e+01
1.669832284351433316e+01
6.262589693069458008e-01
6.166807413101196289e-01
1.764569594420500565e+01
1.558386685705796459e+01
6.262568831443786621e-01
1.166933625936508179e-01
1.764569623199636439e+01
1.650194844978470954e+01
6.261826157569885254e-01
1.167653724551200867e-01
1.764569620543567297e+01
1.642851759681324708e+01
9.140525460243225098e-01
6.172074675559997559e-01
2.073933529023530653e+01
1.479405040588392239e+01
3.737410604953765869e-01
-1.166902557015419006e-01
1.764569616593138335e+01
1.478279231454172304e+01
6.262589097023010254e-01
6.166790127754211426e-01
1.764569590110478003e+01
1.569514515846173808e+01
9.140654206275939941e-01
6.171870827674865723e-01
2.073933515437112618e+01
1.678842474471361257e+01
8.644641935825347900e-02
3.827115893363952637e-01
2.077200895008975223e+01
1.746370493315089334e+01
8.647424727678298950e-02
3.827381730079650879e-01
2.077200908370937782e+01
1.583303615247597840e+01
8.646811544895172119e-02
8.826945424079895020e-01
2.077200923146938294e+01
1.992692064747445713e+01
9.135257005691528320e-01
6.172544360160827637e-01
2.077200889803096473e+01
1.841582623337310309e+01
6.090238094329833984e-01
1.293524354696273804e-01
1.784338460980055885e+01
1.625446975113237258e+01
9.135259389877319336e-01
6.173000335693359375e-01
2.077200931683068319e+01
1.389075317076606630e+01
9.135464429855346680e-01
1.172909811139106750e-01
2.077200913768668045e+01
1.659173284681831362e+01
6.091111302375793457e-01
1.129267454147338867e+00
1.784338493776268564e+01
1.544841399486404399e+01
1.086473226547241211e+00
8.826510906219482422e-01
2.077200783931969497e+01
1.132396462986501007e+01
6.091083288192749023e-01
1.293675601482391357e-01
1.784338589931148888e+01
1.447363005248215906e+01
8.647412061691284180e-02
3.827064335346221924e-01
2.077200936299513501e+01
1.176049126062813599e+01
9.135256409645080566e-01
6.172549128532409668e-01
2.077200891138002703e+01
1.115166992436770954e+01
9.135050177574157715e-01
1.117287158966064453e+00
2.077200913460718112e+01
1.492029327120173399e+01
9.135259389877319336e-01
1.173145771026611328e-01
2.077200908555328951e+01
1.212625609880262623e+01
9.135240316390991211e-01
1.117287993431091309e+00
2.077200937295386751e+01
1.485919082792931611e+01
3.908902406692504883e-01
3.706674277782440186e-01
1.784338587754564287e+01
1.463321982371747509e+01
3.908903598785400391e-01
-1.293341517448425293e-01
1.784338588581364249e+01
1.445958139552037203e+01
8.647205680608749390e-02
8.827739953994750977e-01
2.077200775605245298e+01
1.952667274342899617e+01
9.135247468948364258e-01
6.172993779182434082e-01
2.077200932238244491e+01
1.491772022720298452e+01
3.908823728561401367e-01
3.705727159976959229e-01
1.784338513869055731e+01
1.687991177098217221e+01
9.140617251396179199e-01
1.177394688129425049e-01
2.072432046373358361e+01
1.953591772493260237e+01
3.550693690776824951e-01
3.749508857727050781e-01
1.780399433201347748e+01
1.607265997680640979e+01
8.593651652336120605e-02
8.822538256645202637e-01
2.072432044698776110e+01
1.395340263959630533e+01
1.085907936096191406e+00
3.822608888149261475e-01
2.072432002340517343e+01
1.080791758389788981e+01
1.085901737213134766e+00
3.822609782218933105e-01
2.072431981007616386e+01
1.035085655914303615e+01
1.085923552513122559e+00
8.822619915008544922e-01
2.072432037453609865e+01
1.253365924739012982e+01
9.140153527259826660e-01
6.177480220794677734e-01
2.072431917261788570e+01
1.769694906611439578e+01
6.450455784797668457e-01
6.250537633895874023e-01
1.780399483909413405e+01
1.747130660155521298e+01
8.593668043613433838e-02
-1.177390590310096741e-01
2.072432046548838969e+01
1.469967002543418921e+01
9.140637516975402832e-01
1.177129969000816345e-01
2.072432017855398811e+01
1.881804878004263415e+01
3.550588786602020264e-01
-1.250492483377456665e-01
1.780399451260134214e+01
1.506769551434557997e+01
3.549922406673431396e-01
3.750018775463104248e-01
1.780399469741965746e+01
1.572636674866913964e+01
3.549917638301849365e-01
3.750152587890625000e-01
1.780399448676525864e+01
1.500844811099632992e+01
3.549562394618988037e-01
8.749468922615051270e-01
1.780399485747600252e+01
1.779971976545876089e+01
3.549950420856475830e-01
8.748959302902221680e-01
1.780399456640188305e+01
1.565188567226074312e+01
9.136282801628112793e-01
6.177393794059753418e-01
2.072421752720495292e+01
1.739093837762837325e+01
3.550689816474914551e-01
8.749517798423767090e-01
1.780399433925650143e+01
1.609881375200965437e+01
6.449866294860839844e-01
6.250472068786621094e-01
1.780399498576394279e+01
1.551286324628070545e+01
6.450040936470031738e-01
6.250920891761779785e-01
1.780399474118770087e+01
1.690394957930701381e+01
3.549942672252655029e-01
8.746004104614257812e-01
1.780397731298515041e+01
1.632216845174245989e+01
9.142572283744812012e-01
1.135499551892280579e-01
2.121892883120167994e+01
1.250803911763048859e+01
9.142540693283081055e-01
6.135382652282714844e-01
2.121892888726729254e+01
1.531937406491522680e+01
6.129359006881713867e-01
6.347326636314392090e-01
1.857626955472581187e+01
1.754032812207226399e+01
3.870540261268615723e-01
3.653128147125244141e-01
1.857626984366565281e+01
1.712541840606883525e+01
6.129477024078369141e-01
6.346701979637145996e-01
1.857626979627631414e+01
1.675629586779198021e+01
8.574298769235610962e-02
3.864581584930419922e-01
2.121892888594188875e+01
1.051200332064086496e+01
3.870474100112915039e-01
8.653189539909362793e-01
1.857626982686354111e+01
1.838231205673238833e+01
3.870746791362762451e-01
8.653087019920349121e-01
1.857626976136327812e+01
1.664501808023846507e+01
8.574865758419036865e-02
8.864350914955139160e-01
2.121892856007103489e+01
1.355957078766995139e+01
6.129442453384399414e-01
1.346967667341232300e-01
1.857626983369864604e+01
1.689280747275773820e+01
6.129526495933532715e-01
6.346214413642883301e-01
1.857626919750723360e+01
1.631329521648478931e+01
3.870503306388854980e-01
-1.346555054187774658e-01
1.857626968786636112e+01
1.487016372832160016e+01
3.871514201164245605e-01
8.644740581512451172e-01
1.857616851370245925e+01
1.663074756331451454e+01
3.870496451854705811e-01
3.653555214405059814e-01
1.857626956594138790e+01
1.644829859275353101e+01
8.577184379100799561e-02
8.864626884460449219e-01
2.121892843670916307e+01
1.720829902881118656e+01
6.129665374755859375e-01
1.346814185380935669e-01
1.857626974707876499e+01
1.782369055725402873e+01
3.870729804039001465e-01
3.653088510036468506e-01
1.857626977484169117e+01
1.597110658759763879e+01
3.870494663715362549e-01
3.653131127357482910e-01
1.857626983802006748e+01
1.734538985451681015e+01
3.870795667171478271e-01
3.653025627136230469e-01
1.857626971102609303e+01
1.633098287294770756e+01
6.129525899887084961e-01
6.346865296363830566e-01
1.857626983258573006e+01
1.771850029305574381e+01
9.078417420387268066e-01
1.217942088842391968e-01
1.935136622270832163e+01
1.560368693030159370e+01
9.078412652015686035e-01
6.218430399894714355e-01
1.935136562594811949e+01
1.426635451105822128e+01
9.078418612480163574e-01
1.218058615922927856e-01
1.935136625325759496e+01
1.785062408632301612e+01
9.078419208526611328e-01
1.218199208378791809e-01
1.935136614585487180e+01
1.715917546663538928e+01
3.845884799957275391e-01
3.751834034919738770e-01
1.630562823904494962e+01
1.481410083850732207e+01
9.221298992633819580e-02
3.781973719596862793e-01
1.935136470148744792e+01
1.476390227859301163e+01
9.216051548719406128e-02
3.781966865062713623e-01
1.935136625296633994e+01
1.522847018475605907e+01
9.078418016433715820e-01
1.217946633696556091e-01
1.935136622593266864e+01
1.772129604754096732e+01
9.215798974037170410e-02
3.781721889972686768e-01
1.935136601646504317e+01
1.140292920369510554e+01
3.845950961112976074e-01
8.751829862594604492e-01
1.630562823154697938e+01
1.323424255878512312e+01
3.845817744731903076e-01
-1.247256770730018616e-01
1.630562706519005900e+01
1.329438304690254924e+01
9.078417420387268066e-01
6.217875480651855469e-01
1.935136615656901782e+01
1.240348372181479064e+01
9.078286886215209961e-01
6.217994689941406250e-01
1.935136616069164717e+01
1.426307497145424108e+01
9.216130524873733521e-02
8.781966567039489746e-01
1.935136625071902827e+01
1.665987201530941775e+01
6.154121160507202148e-01
1.124808073043823242e+00
1.630562822914216525e+01
1.310310378352014560e+01
6.154123544692993164e-01
1.124803304672241211e+00
1.630562821457246159e+01
1.434065529692832541e+01
9.078552126884460449e-01
6.218026876449584961e-01
1.935136616315648439e+01
1.534642401017021918e+01
9.216316789388656616e-02
8.781540393829345703e-01
1.935136551634175106e+01
1.415563748888816598e+01
6.154081821441650391e-01
6.248168349266052246e-01
1.630562823710420872e+01
1.482679510572343951e+01
9.078278541564941406e-01
6.218031644821166992e-01
1.935136615468382715e+01
1.822854198069694576e+01
