8.741011470556259155e-02 -1.170197725296020508e-01 2.564237499237060547e+01
9.126172661781311035e-01 1.117039442062377930e+00 2.564237594604492188e+01
9.126170873641967773e-01 1.170556917786598206e-01 2.564237594604492188e+01
9.126182198524475098e-01 1.170565411448478699e-01 2.564237594604492188e+01
5.873593091964721680e-01 6.169759035110473633e-01 2.564237499237060547e+01
9.126180410385131836e-01 6.170553565025329590e-01 2.564237594604492188e+01
8.738184720277786255e-02 8.829438090324401855e-01 2.564237499237060547e+01
8.738211542367935181e-02 3.829449713230133057e-01 2.564237594604492188e+01
8.740062266588211060e-02 3.829478323459625244e-01 2.564237499237060547e+01
4.126173257827758789e-01 8.829514980316162109e-01 2.564237499237060547e+01
8.736798912286758423e-02 8.829559683799743652e-01 2.564237594604492188e+01
8.738303929567337036e-02 3.829767107963562012e-01 2.564237499237060547e+01
4.126190543174743652e-01 3.829258382320404053e-01 2.564237594604492188e+01
9.126180410385131836e-01 1.170559450984001160e-01 2.564237594604492188e+01
4.126113951206207275e-01 3.829318881034851074e-01 2.564237594604492188e+01
1.087344288825988770e+00 8.829576373100280762e-01 2.564237499237060547e+01
9.126179814338684082e-01 1.117055416107177734e+00 2.564237594604492188e+01
4.126051068305969238e-01 3.829468786716461182e-01 2.564237594604492188e+01
5.874060392379760742e-01 6.170524954795837402e-01 2.564237594604492188e+01
4.126179516315460205e-01 8.829444646835327148e-01 2.564237499237060547e+01
9.126172661781311035e-01 1.117039442062377930e+00 2.564237594604492188e+01
