7.689720978240554006e-01
7.689720978240554006e-01
7.689720978240554006e-01
7.689720978240554006e-01
7.689720978240556226e-01
7.689720978240554006e-01
7.689720978240556226e-01
7.689720978240556226e-01
7.689720978240556226e-01
7.689720978240556226e-01
7.689720978240554006e-01
7.689720978240556226e-01
7.689720978240554006e-01
7.689720978240554006e-01
7.689720978240554006e-01
7.689720978240554006e-01
7.689720978240554006e-01
7.689720978240554006e-01
7.689720978240551785e-01
7.689720978240551785e-01
7.689720978240551785e-01
7.689720978240550675e-01
7.689720978240550675e-01
7.689720978240551785e-01
7.689720978240551785e-01
7.689720978240551785e-01
7.689720978240551785e-01
7.689720978240554006e-01
7.689720978240554006e-01
7.689720978240554006e-01
7.689720978240552895e-01
8.014457068717159016e-01
8.314381724608362889e-01
8.575470802346999433e-01
8.785516066837681937e-01
8.934696034961369104e-01
9.016035217210224273e-01
9.025730283824294764e-01
8.963327904264003498e-01
8.831745944442329632e-01
8.637137030557683337e-01
8.388600859131037923e-01
8.097758705310196259e-01
7.778210024959972824e-01
7.444896559220708365e-01
7.113403675299044826e-01
6.799231612019289717e-01
6.517070705883235560e-01
6.280114487262479228e-01
6.099442765581806203e-01
5.983503549744810801e-01
5.937718028626842726e-01
5.964227082308429795e-01
6.061791176902120437e-01
6.225848323779407112e-01
6.448727393088741211e-01
6.720006807261506010e-01
7.027001842396396469e-01
7.355357751850982728e-01
7.689720978240552895e-01
7.689720978240554006e-01
8.190912644061606462e-01
8.643611327435427594e-01
9.026649341065899890e-01
9.322116253151856435e-01
9.516196359272015570e-01
9.599814689368769693e-01
9.569061343261884289e-01
9.425374313235420631e-01
9.175472245116764736e-01
8.831040281864935837e-01
8.408183679272963618e-01
7.926674742106684102e-01
7.409028293109255481e-01
6.879448904913081364e-01
6.362699121125000579e-01
5.882941587308817555e-01
5.462609232533567338e-01
5.121356330542681246e-01
4.875139487757904067e-01
4.735471530097474790e-01
4.708883176031816165e-01
4.796617667446199662e-01
4.994572637031980400e-01
5.293491930422464797e-01
5.679398413683653946e-01
6.134247528562498664e-01
6.636771035975755906e-01
7.163471495231533703e-01
7.689720978240552895e-01
7.689720978240554006e-01
8.185950475795676917e-01
8.629864176865106318e-01
9.000705170161484858e-01
9.281133342998429958e-01
9.458036185687612729e-01
9.523141917918279686e-01
9.473406268011154152e-01
9.311154819678668648e-01
9.043974270315343622e-01
8.684357685459538345e-01
8.249120336933987163e-01
7.758613439424174585e-01
7.235772550298402717e-01
6.705045128436275537e-01
6.191247398222907705e-01
5.718403970477909937e-01
5.308624478354917464e-01
4.981069755468402471e-01
4.751055896609615026e-01
4.629338094176748686e-01
4.621607737331945853e-01
4.728226288969589186e-01
4.944208384113116805e-01
5.259454940040469983e-01
5.659225378167870302e-01
6.124826877121413160e-01
6.634488428288924933e-01
7.164378823985945166e-01
7.689720978240554006e-01
7.689720978240554006e-01
8.067965603972707678e-01
8.404921144280121936e-01
8.684831932597213422e-01
8.894609651560770880e-01
9.024445328183247073e-01
9.068267990527765221e-01
9.024028539608481836e-01
8.893795562981772207e-01
8.683658609891138358e-01
8.403443450712654306e-01
8.066252634852721926e-01
7.687852830100271317e-01
7.285937590764365313e-01
6.879300026739630924e-01
6.486954058574679882e-01
6.127245347679680654e-01
5.816993473588565333e-01
5.570705469113640396e-01
5.399897487614701008e-01
5.312556320467195503e-01
5.312765943574211391e-01
5.400516555192241830e-01
5.571705034249829769e-01
5.818326797728567978e-01
6.128850086068596825e-01
6.488755175428978506e-01
6.881213303837007134e-01
7.287873565394196174e-01
7.689720978240554006e-01
7.689720978240554006e-01
7.933014618098600534e-01
8.147969490377277024e-01
8.324534544154017501e-01
8.454453793752180202e-01
8.531652359455431656e-01
8.552520522131542569e-01
8.516082509687054047e-01
8.424042123085949685e-01
8.280703068510136822e-01
8.092767720841672618e-01
7.869023728062396472e-01
7.619933110601080362e-01
7.357143068885875214e-01
7.092941373197237942e-01
6.839681801186464627e-01
6.609206488962984238e-01
6.412292205971462655e-01
6.258146445230069466e-01
6.153976891190369169e-01
6.104654396423107032e-01
6.112485225965592628e-01
6.177103218931752071e-01
6.295486909788240437e-01
6.462100808724622336e-01
6.669154235004682851e-01
6.906965600538923500e-01
7.164415110183306457e-01
7.429464711001446675e-01
7.689720978240554006e-01
7.689720978240554006e-01
7.834975717891575764e-01
7.960749537552725963e-01
8.061161393204224757e-01
8.131516138075561839e-01
8.168524062490237769e-01
8.170454717033983627e-01
8.137217826446094815e-01
8.070367510790305010e-01
7.973029616527901320e-01
7.849755555411286334e-01
7.706309485528993752e-01
7.549398785679878321e-01
7.386360425795146512e-01
7.224817898378896874e-01
7.072324752471492726e-01
6.936011398091599389e-01
6.822251696188608161e-01
6.736364923988683584e-01
6.682367051503591560e-01
6.662782959236418501e-01
6.678528377575421171e-01
6.728867068258835848e-01
6.811445250057752698e-01
6.922401658970306348e-01
7.056548096634939204e-01
7.207612024719507460e-01
7.368529861842273432e-01
7.531777268786711277e-01
7.689720978240554006e-01
7.689720978240554006e-01
7.776443076502836949e-01
7.848407913064836539e-01
7.902250492152085304e-01
7.935453194608195204e-01
7.946463498968467931e-01
7.934766575638096953e-01
7.900909359751804306e-01
7.846474977094849423e-01
7.774008718900798920e-01
7.686899026862340500e-01
7.589219053363727152e-01
7.485536205402262278e-01
7.380698577713411535e-01
7.279608261249252976e-01
7.186992126853833929e-01
7.107180802036047185e-01
7.043906175640447520e-01
7.000126898872603975e-01
6.977890042057005582e-01
6.978235375903864002e-01
7.001146752986303623e-01
7.045552862776124359e-01
7.109377324933391362e-01
7.189635778543433942e-01
7.282575427516307931e-01
7.383850517161038018e-01
7.488725536845023401e-01
7.592296647208043314e-01
7.689720978240554006e-01
7.689720978240554006e-01
7.742432793054124796e-01
7.783231660954330611e-01
7.810209872222843019e-01
7.822105955684879319e-01
7.818363663699289257e-01
7.799157981680072682e-01
7.765386945972858612e-01
7.718629652673516528e-01
7.661072420849711628e-01
7.595406562691261465e-01
7.524702540743296586e-01
7.452266396490226930e-01
7.381485163530332461e-01
7.315668493649128967e-01
7.257893901180293428e-01
7.210862861855809047e-01
7.176774494803248583e-01
7.157222734179492507e-01
7.153121798581085766e-01
7.164663443198738824e-01
7.191307993557762845e-01
7.231809580096651979e-01
7.284274393643126455e-01
7.346249237826205647e-01
7.414836237811982533e-01
7.486828341710095591e-01
7.558859278755754030e-01
7.627560962389328125e-01
7.689720978240554006e-01
7.689720978240554006e-01
7.721043554123382391e-01
7.742223820197152717e-01
7.752271410760424031e-01
7.750716511645564522e-01
7.737631828207028883e-01
7.713629185699827362e-01
7.679830921010573075e-01
7.637817403432060059e-01
7.589553138351591288e-01
7.537294909162458589e-01
7.483486252580685560e-01
7.430643201584006263e-01
7.381236638506205594e-01
7.337576759325339371e-01
7.301705051467445307e-01
7.275298836123411661e-01
7.259592838574322471e-01
7.255321453809614463e-01
7.262684407033581646e-01
7.281337414736805957e-01
7.310408283010415564e-01
7.348537690363882158e-01
7.393942748087152239e-01
7.444500366145186954e-01
7.497846526508338272e-01
7.551486822008034450e-01
7.602913092043618315e-01
7.649720701384404853e-01
7.689720978240554006e-01
7.689720978240554006e-01
7.701062322293307227e-01
7.702875846315783148e-01
7.695076751940279625e-01
7.678029716151730799e-01
7.652531839397175295e-01
7.619775374054817974e-01
7.581291976037861646e-01
7.538881086266358000e-01
7.494525790809699606e-01
7.450300093986069738e-01
7.408271940225615859e-01
7.370406519287232561e-01
7.338474376169612512e-01
7.313968622394902974e-01
7.298035119773419455e-01
7.291418901178926548e-01
7.294429333639506075e-01
7.306925652679158167e-01
7.328323544308247284e-01
7.357622466896246438e-01
7.393452435386352883e-01
7.434138080274115268e-01
7.477776986023437766e-01
7.522328645902635058e-01
7.565709873811371500e-01
7.605892211747409259e-01
7.640996778248315691e-01
7.669382122800436630e-01
7.689720978240554006e-01
7.689720978240551785e-01
7.673552265760443802e-01
7.648185181325063420e-01
7.614805861609117432e-01
7.574975086504081023e-01
7.530555298785138740e-01
7.483623518356977700e-01
7.436374223111487103e-01
7.391016737580532459e-01
7.349671927376313363e-01
7.314273029872524479e-01
7.286475258173393810e-01
7.267578405188570567e-01
7.258466066761275481e-01
7.259564325708737220e-01
7.270821828663199815e-01
7.291712187298323711e-01
7.321258591662304083e-01
7.358079484725542629e-01
7.400453162451897660e-01
7.446398278765827827e-01
7.493766491092836990e-01
7.540342914470495872e-01
7.583949687107638393e-01
7.622547804781204528e-01
7.654332462407505977e-01
7.677817444722042639e-01
7.691904620053462427e-01
7.695935287740056641e-01
7.689720978240551785e-01
7.689720978240554006e-01
7.645181224943116138e-01
7.592783027861447209e-01
7.534976468454678278e-01
7.474464517193287749e-01
7.414076645664058329e-01
7.356636523623396595e-01
7.304829987337813080e-01
7.261079452865194517e-01
7.227430646572254869e-01
7.205456949243285170e-01
7.196185826543377573e-01
7.200050785865872438e-01
7.216871106008441172e-01
7.245860287495655694e-01
7.285662828420343962e-01
7.334417606206206086e-01
7.389844901631023033e-01
7.449352995963742785e-01
7.510159356851867640e-01
7.569420746441680725e-01
7.624366168020266787e-01
7.672426434742065648e-01
7.711354301950308354e-01
7.739329545839565005e-01
7.755044075097812240e-01
7.757763095802385767e-01
7.747359469567115520e-01
7.724319658391954890e-01
7.689720978240554006e-01
7.689720978240554006e-01
7.639121538685756940e-01
7.584587427038732566e-01
7.528668597749780256e-01
7.473979753127133474e-01
7.423078082763066021e-01
7.378343692190654224e-01
7.341868311794371715e-01
7.315357489822059689e-01
7.300050842844488797e-01
7.296664092662216161e-01
7.305355599949657774e-01
7.325718959485971737e-01
7.356802003211484475e-01
7.397151322547921293e-01
7.444880228168148095e-01
7.497756969492236356e-01
7.553309088864154086e-01
7.608939030923809188e-01
7.662045601408733475e-01
7.710145596106762200e-01
7.750989912725131381e-01
7.782668716413949639e-01
7.803700741521198969e-01
7.813102553928282790e-01
7.810434535336397976e-01
7.795821439329619906e-01
7.769946558035937256e-01
7.734019772146775162e-01
7.689720978240554006e-01
7.689720978240554006e-01
7.667756065157175227e-01
7.645861060240416451e-01
7.625059749585633151e-01
7.606324779360048582e-01
7.590532175948982996e-01
7.578420383935726701e-01
7.570555737253528150e-01
7.567305978040314018e-01
7.568823061425050680e-01
7.575036050274784882e-01
7.585654432136140768e-01
7.600181703274772049e-01
7.617938584638134225e-01
7.638094784189030095e-01
7.659707820438471648e-01
7.681767091832597538e-01
7.703241131358138372e-01
7.723125836793557353e-01
7.740491421412957207e-01
7.754525889780004011e-01
7.764573005752033463e-01
7.770162977352770284e-01
7.771034423722964490e-01
7.767146596998897312e-01
7.758681287637176904e-01
7.746034324095026902e-01
7.729797064331603851e-01
7.710728744567021398e-01
7.689720978240554006e-01
7.689720978240554006e-01
7.710728744567021398e-01
7.729797064331603851e-01
7.746034324095028012e-01
7.758681287637176904e-01
7.767146596998897312e-01
7.771034423722964490e-01
7.770162977352770284e-01
7.764573005752035684e-01
7.754525889780005121e-01
7.740491421412958317e-01
7.723125836793558463e-01
7.703241131358138372e-01
7.681767091832597538e-01
7.659707820438473869e-01
7.638094784189030095e-01
7.617938584638134225e-01
7.600181703274770939e-01
7.585654432136141878e-01
7.575036050274783772e-01
7.568823061425049570e-01
7.567305978040314018e-01
7.570555737253525930e-01
7.578420383935726701e-01
7.590532175948985216e-01
7.606324779360048582e-01
7.625059749585633151e-01
7.645861060240416451e-01
7.667756065157175227e-01
7.689720978240554006e-01
7.689720978240554006e-01
7.734019772146771832e-01
7.769946558035937256e-01
7.795821439329619906e-01
7.810434535336397976e-01
7.813102553928280569e-01
7.803700741521198969e-01
7.782668716413949639e-01
7.750989912725131381e-01
7.710145596106762200e-01
7.662045601408732365e-01
7.608939030923810298e-01
7.553309088864155196e-01
7.497756969492236356e-01
7.444880228168148095e-01
7.397151322547921293e-01
7.356802003211485586e-01
7.325718959485971737e-01
7.305355599949656664e-01
7.296664092662215051e-01
7.300050842844488797e-01
7.315357489822057468e-01
7.341868311794368385e-01
7.378343692190654224e-01
7.423078082763064911e-01
7.473979753127132364e-01
7.528668597749778035e-01
7.584587427038729235e-01
7.639121538685756940e-01
7.689720978240554006e-01
7.689720978240554006e-01
7.724319658391954890e-01
7.747359469567111079e-01
7.757763095802385767e-01
7.755044075097812240e-01
7.739329545839563895e-01
7.711354301950309464e-01
7.672426434742064538e-01
7.624366168020266787e-01
7.569420746441679615e-01
7.510159356851867640e-01
7.449352995963741675e-01
7.389844901631023033e-01
7.334417606206204976e-01
7.285662828420343962e-01
7.245860287495655694e-01
7.216871106008438952e-01
7.200050785865874658e-01
7.196185826543377573e-01
7.205456949243284059e-01
7.227430646572254869e-01
7.261079452865197847e-01
7.304829987337811970e-01
7.356636523623395485e-01
7.414076645664057219e-01
7.474464517193287749e-01
7.534976468454678278e-01
7.592783027861447209e-01
7.645181224943115028e-01
7.689720978240554006e-01
7.689720978240555116e-01
7.695935287740061082e-01
7.691904620053465758e-01
7.677817444722042639e-01
7.654332462407509308e-01
7.622547804781207859e-01
7.583949687107638393e-01
7.540342914470495872e-01
7.493766491092836990e-01
7.446398278765826717e-01
7.400453162451895439e-01
7.358079484725542629e-01
7.321258591662304083e-01
7.291712187298322601e-01
7.270821828663199815e-01
7.259564325708739441e-01
7.258466066761274371e-01
7.267578405188569457e-01
7.286475258173393810e-01
7.314273029872524479e-01
7.349671927376313363e-01
7.391016737580534679e-01
7.436374223111489323e-01
7.483623518356977700e-01
7.530555298785140961e-01
7.574975086504084354e-01
7.614805861609118542e-01
7.648185181325065640e-01
7.673552265760446023e-01
7.689720978240555116e-01
7.689720978240554006e-01
7.669382122800437740e-01
7.640996778248315691e-01
7.605892211747409259e-01
7.565709873811371500e-01
7.522328645902633948e-01
7.477776986023437766e-01
7.434138080274115268e-01
7.393452435386350663e-01
7.357622466896245328e-01
7.328323544308246174e-01
7.306925652679158167e-01
7.294429333639506075e-01
7.291418901178928769e-01
7.298035119773419455e-01
7.313968622394902974e-01
7.338474376169612512e-01
7.370406519287232561e-01
7.408271940225615859e-01
7.450300093986069738e-01
7.494525790809699606e-01
7.538881086266356890e-01
7.581291976037861646e-01
7.619775374054817974e-01
7.652531839397175295e-01
7.678029716151730799e-01
7.695076751940279625e-01
7.702875846315782038e-01
7.701062322293305007e-01
7.689720978240554006e-01
7.689720978240554006e-01
7.649720701384403743e-01
7.602913092043616095e-01
7.551486822008034450e-01
7.497846526508338272e-01
7.444500366145184733e-01
7.393942748087153349e-01
7.348537690363882158e-01
7.310408283010415564e-01
7.281337414736805957e-01
7.262684407033580536e-01
7.255321453809614463e-01
7.259592838574321361e-01
7.275298836123410551e-01
7.301705051467445307e-01
7.337576759325339371e-01
7.381236638506205594e-01
7.430643201584005153e-01
7.483486252580684450e-01
7.537294909162456369e-01
7.589553138351591288e-01
7.637817403432060059e-01
7.679830921010569744e-01
7.713629185699827362e-01
7.737631828207028883e-01
7.750716511645563411e-01
7.752271410760425141e-01
7.742223820197152717e-01
7.721043554123383501e-01
7.689720978240554006e-01
7.689720978240554006e-01
7.627560962389328125e-01
7.558859278755752920e-01
7.486828341710095591e-01
7.414836237811982533e-01
7.346249237826206757e-01
7.284274393643125345e-01
7.231809580096651979e-01
7.191307993557762845e-01
7.164663443198741044e-01
7.153121798581085766e-01
7.157222734179492507e-01
7.176774494803248583e-01
7.210862861855809047e-01
7.257893901180293428e-01
7.315668493649127857e-01
7.381485163530332461e-01
7.452266396490226930e-01
7.524702540743296586e-01
7.595406562691261465e-01
7.661072420849711628e-01
7.718629652673515418e-01
7.765386945972860833e-01
7.799157981680072682e-01
7.818363663699289257e-01
7.822105955684878209e-01
7.810209872222843019e-01
7.783231660954330611e-01
7.742432793054125906e-01
7.689720978240554006e-01
7.689720978240554006e-01
7.592296647208043314e-01
7.488725536845022290e-01
7.383850517161038018e-01
7.282575427516307931e-01
7.189635778543433942e-01
7.109377324933391362e-01
7.045552862776124359e-01
7.001146752986303623e-01
6.978235375903864002e-01
6.977890042057005582e-01
7.000126898872603975e-01
7.043906175640445300e-01
7.107180802036046074e-01
7.186992126853833929e-01
7.279608261249250756e-01
7.380698577713411535e-01
7.485536205402262278e-01
7.589219053363726042e-01
7.686899026862340500e-01
7.774008718900800030e-01
7.846474977094850534e-01
7.900909359751805416e-01
7.934766575638096953e-01
7.946463498968469041e-01
7.935453194608195204e-01
7.902250492152085304e-01
7.848407913064836539e-01
7.776443076502838059e-01
7.689720978240554006e-01
7.689720978240554006e-01
7.531777268786711277e-01
7.368529861842273432e-01
7.207612024719507460e-01
7.056548096634939204e-01
6.922401658970308569e-01
6.811445250057752698e-01
6.728867068258838069e-01
6.678528377575421171e-01
6.662782959236418501e-01
6.682367051503591560e-01
6.736364923988683584e-01
6.822251696188608161e-01
6.936011398091599389e-01
7.072324752471492726e-01
7.224817898378896874e-01
7.386360425795146512e-01
7.549398785679877211e-01
7.706309485528993752e-01
7.849755555411286334e-01
7.973029616527901320e-01
8.070367510790305010e-01
8.137217826446094815e-01
8.170454717033983627e-01
8.168524062490239990e-01
8.131516138075561839e-01
8.061161393204226977e-01
7.960749537552725963e-01
7.834975717891575764e-01
7.689720978240554006e-01
7.689720978240554006e-01
7.429464711001446675e-01
7.164415110183307567e-01
6.906965600538923500e-01
6.669154235004681741e-01
6.462100808724622336e-01
6.295486909788239327e-01
6.177103218931750961e-01
6.112485225965589297e-01
6.104654396423104812e-01
6.153976891190365839e-01
6.258146445230068355e-01
6.412292205971460435e-01
6.609206488962985349e-01
6.839681801186463517e-01
7.092941373197236832e-01
7.357143068885877435e-01
7.619933110601081472e-01
7.869023728062397582e-01
8.092767720841674839e-01
8.280703068510140152e-01
8.424042123085950795e-01
8.516082509687057378e-01
8.552520522131545899e-01
8.531652359455437207e-01
8.454453793752182422e-01
8.324534544154017501e-01
8.147969490377277024e-01
7.933014618098600534e-01
7.689720978240554006e-01
7.689720978240554006e-01
7.287873565394197284e-01
6.881213303837007134e-01
6.488755175428979616e-01
6.128850086068595715e-01
5.818326797728569089e-01
5.571705034249827548e-01
5.400516555192241830e-01
5.312765943574210281e-01
5.312556320467193283e-01
5.399897487614697678e-01
5.570705469113639285e-01
5.816993473588562003e-01
6.127245347679679544e-01
6.486954058574679882e-01
6.879300026739629814e-01
7.285937590764363092e-01
7.687852830100271317e-01
8.066252634852721926e-01
8.403443450712655416e-01
8.683658609891141689e-01
8.893795562981772207e-01
9.024028539608484056e-01
9.068267990527765221e-01
9.024445328183251513e-01
8.894609651560771990e-01
8.684831932597214532e-01
8.404921144280121936e-01
8.067965603972707678e-01
7.689720978240554006e-01
7.689720978240554006e-01
7.164378823985947387e-01
6.634488428288924933e-01
6.124826877121412050e-01
5.659225378167869192e-01
5.259454940040468873e-01
4.944208384113111809e-01
4.728226288969587521e-01
4.621607737331942523e-01
4.629338094176747020e-01
4.751055896609613360e-01
4.981069755468401361e-01
5.308624478354910803e-01
5.718403970477908826e-01
6.191247398222907705e-01
6.705045128436275537e-01
7.235772550298402717e-01
7.758613439424173475e-01
8.249120336933989384e-01
8.684357685459538345e-01
9.043974270315346953e-01
9.311154819678673089e-01
9.473406268011155262e-01
9.523141917918283017e-01
9.458036185687614950e-01
9.281133342998432179e-01
9.000705170161485968e-01
8.629864176865108538e-01
8.185950475795678027e-01
7.689720978240554006e-01
7.689720978240554006e-01
7.163471495231534814e-01
6.636771035975758126e-01
6.134247528562503105e-01
5.679398413683655056e-01
5.293491930422470348e-01
4.994572637031984841e-01
4.796617667446204103e-01
4.708883176031820050e-01
4.735471530097478676e-01
4.875139487757906287e-01
5.121356330542685686e-01
5.462609232533567338e-01
5.882941587308820885e-01
6.362699121125003909e-01
6.879448904913082474e-01
7.409028293109255481e-01
7.926674742106681881e-01
8.408183679272963618e-01
8.831040281864934727e-01
9.175472245116761405e-01
9.425374313235418411e-01
9.569061343261882069e-01
9.599814689368768583e-01
9.516196359272015570e-01
9.322116253151854215e-01
9.026649341065899890e-01
8.643611327435426483e-01
8.190912644061606462e-01
7.689720978240554006e-01
7.689720978240554006e-01
7.355357751850986059e-01
7.027001842396402020e-01
6.720006807261508230e-01
6.448727393088743431e-01
6.225848323779412663e-01
6.061791176902121547e-01
5.964227082308435346e-01
5.937718028626848277e-01
5.983503549744814132e-01
6.099442765581809534e-01
6.280114487262483669e-01
6.517070705883235560e-01
6.799231612019290827e-01
7.113403675299047046e-01
7.444896559220708365e-01
7.778210024959973934e-01
8.097758705310195149e-01
8.388600859131039034e-01
8.637137030557683337e-01
8.831745944442329632e-01
8.963327904264003498e-01
9.025730283824294764e-01
9.016035217210223163e-01
8.934696034961369104e-01
8.785516066837681937e-01
8.575470802346999433e-01
8.314381724608361779e-01
8.014457068717160126e-01
7.689720978240554006e-01
7.689720978240554006e-01
7.689720978240554006e-01
7.689720978240554006e-01
7.689720978240554006e-01
7.689720978240554006e-01
7.689720978240554006e-01
7.689720978240554006e-01
7.689720978240554006e-01
7.689720978240554006e-01
7.689720978240554006e-01
7.689720978240554006e-01
7.689720978240554006e-01
7.689720978240554006e-01
7.689720978240554006e-01
7.689720978240554006e-01
7.689720978240554006e-01
7.689720978240554006e-01
7.689720978240554006e-01
7.689720978240554006e-01
7.689720978240554006e-01
7.689720978240554006e-01
7.689720978240554006e-01
7.689720978240554006e-01
7.689720978240554006e-01
7.689720978240554006e-01
7.689720978240554006e-01
7.689720978240554006e-01
7.689720978240554006e-01
7.689720978240554006e-01
7.689720978240554006e-01
